1_original_summary

nRMSE_mean
target_col        map_0       map_1       map_2       map_3       map_4       map_5       map_6        map_7        map_8        map_9
pro          0.00000000  0.00000000  0.00000000  0.00000000  0.00000000  0.00000000  0.00000000   0.00000000   0.00000000   0.00000000
s6          14.35258963  5.33038143  5.47561031  6.29535107  5.36350807  6.73568198  8.77689949  11.13490183  13.84172275  14.35071426
s7           4.53719459  1.68586530  1.73149535  1.99131940  1.69561685  2.13072585  2.77477186   3.52417773   4.37845005   4.54098833
s8           1.43529780  0.53299493  0.54763223  0.62922999  0.53611451  0.67396911  0.87779478   1.11374328   1.38404244   1.43485840
s9           0.45416318  0.16852058  0.17313455  0.19900716  0.16966945  0.21308784  0.27742256   0.35225955   0.43761394   0.45376797
s10          0.14348872  0.05331760  0.05474520  0.06296441  0.05362143  0.06738119  0.08774811   0.11141472   0.13845171   0.14352411
s11          0.04538113  0.01685984  0.01731749  0.01989939  0.01695915  0.02130845  0.02774974   0.03522681   0.04378325   0.04537972
s12          0.01435234  0.00533059  0.00547393  0.00629273  0.00536012  0.00674237  0.00877759   0.01113681   0.01384837   0.01435160
s13          0.00454019  0.00168564  0.00173174  0.00199012  0.00169516  0.00213073  0.00277463   0.00352074   0.00437719   0.00453911
s14          0.00143505  0.00053313  0.00054766  0.00062977  0.00053615  0.00067378  0.00087719   0.00111402   0.00138465   0.00143560
s15          0.00045369  0.00016862  0.00017310  0.00019896  0.00016957  0.00021311  0.00027761   0.00035226   0.00043792   0.00045382
s16          0.00014349  0.00005328  0.00005476  0.00006294  0.00005364  0.00006737  0.00008776   0.00011140   0.00013843   0.00014347
s17          0.00004538  0.00001685  0.00001732  0.00001990  0.00001696  0.00002131  0.00002775   0.00003521   0.00004375   0.00004538

pearson_mean
target_col       map_0       map_1       map_2       map_3       map_4       map_5       map_6       map_7       map_8       map_9
pro         1.00000000  1.00000000  1.00000000  1.00000000  1.00000000  1.00000000  1.00000000  1.00000000  1.00000000  1.00000000
s6          0.07558177  0.13763057  0.13535133  0.11233659  0.10067637  0.09626388  0.09048779  0.08433084  0.07625806  0.07516987
s7          0.22867201  0.39944541  0.39606374  0.33421654  0.30318263  0.29052662  0.27458657  0.25408301  0.23032060  0.22799188
s8          0.56573569  0.80142261  0.79809925  0.73718975  0.69758487  0.67768901  0.64904360  0.61313453  0.57115710  0.56591931
s9          0.88301877  0.97151242  0.97086074  0.95746304  0.94765024  0.94057075  0.92833550  0.91097237  0.88831478  0.88304282
s10         0.98391658  0.99697954  0.99689958  0.99535855  0.99427424  0.99336975  0.99165575  0.98899190  0.98504113  0.98390665
s11         0.99830828  0.99969565  0.99968797  0.99953186  0.99942170  0.99932887  0.99915029  0.99886815  0.99843758  0.99830809
s12         0.99982987  0.99996956  0.99996880  0.99995315  0.99994218  0.99993272  0.99991481  0.99988654  0.99984283  0.99982987
s13         0.99998297  0.99999696  0.99999688  0.99999531  0.99999421  0.99999328  0.99999149  0.99998866  0.99998430  0.99998297
s14         0.99999830  0.99999970  0.99999969  0.99999953  0.99999942  0.99999933  0.99999915  0.99999886  0.99999843  0.99999830
s15         0.99999983  0.99999997  0.99999997  0.99999995  0.99999994  0.99999993  0.99999991  0.99999989  0.99999984  0.99999983
s16         0.99999998  1.00000000  1.00000000  1.00000000  0.99999999  0.99999999  0.99999999  0.99999999  0.99999998  0.99999998
s17         1.00000000  1.00000000  1.00000000  1.00000000  1.00000000  1.00000000  1.00000000  1.00000000  1.00000000  1.00000000

spearman_mean
target_col       map_0       map_1       map_2       map_3       map_4       map_5       map_6       map_7       map_8       map_9
pro         1.00000000  1.00000000  1.00000000  1.00000000  1.00000000  1.00000000  1.00000000  1.00000000  1.00000000  1.00000000
s6          0.05894135  0.13203159  0.12965476  0.10722825  0.09580338  0.08994349  0.08182027  0.07201965  0.06025780  0.05904918
s7          0.17794574  0.38616782  0.38252041  0.32133797  0.28926289  0.27218233  0.24865840  0.21710475  0.18152276  0.17745620
s8          0.42721945  0.79058414  0.78672519  0.72182964  0.67689225  0.64305371  0.58911361  0.51796309  0.43732837  0.42738957
s9          0.64319103  0.96897553  0.96813785  0.95099170  0.93365149  0.90546939  0.84870324  0.76211032  0.65351901  0.64334745
s10         0.74671275  0.99658855  0.99650073  0.99408251  0.98751006  0.97019441  0.92888001  0.85501855  0.75362409  0.74649381
s11         0.81432249  0.99963971  0.99963551  0.99937625  0.99719569  0.98671332  0.96057032  0.90546336  0.81988635  0.81428251
s12         0.86890209  0.99996137  0.99996196  0.99993595  0.99958007  0.99422534  0.97856218  0.94129909  0.87339444  0.86875695
s13         0.91302969  0.99999533  0.99999572  0.99999321  0.99995335  0.99839821  0.98912488  0.96608808  0.91665865  0.91304222
s14         0.94643399  0.99999913  0.99999940  0.99999920  0.99999509  0.99976828  0.99544592  0.98167245  0.94904083  0.94646108
s15         0.96957780  0.99999964  0.99999986  0.99999988  0.99999945  0.99997487  0.99891120  0.99093678  0.97112524  0.96949093
s16         0.98375307  0.99999974  0.99999993  0.99999997  0.99999992  0.99999740  0.99985942  0.99656349  0.98475556  0.98374272
s17         0.99214347  0.99999977  0.99999995  0.99999999  0.99999998  0.99999971  0.99998509  0.99932177  0.99277495  0.99219755

kendall_mean
target_col       map_0       map_1       map_2       map_3       map_4       map_5       map_6       map_7       map_8       map_9
pro         1.00000000  1.00000000  1.00000000  1.00000000  1.00000000  1.00000000  1.00000000  1.00000000  1.00000000  1.00000000
s6          0.03955473  0.08873620  0.08713363  0.07200920  0.06432029  0.06037689  0.05491578  0.04834484  0.04043200  0.03963401
s7          0.12003001  0.26379569  0.26124975  0.21805466  0.19574981  0.18407273  0.16805879  0.14658703  0.12239549  0.11972161
s8          0.30181742  0.59758333  0.59405140  0.53153741  0.49151674  0.46462306  0.42308598  0.36914410  0.30887152  0.30197888
s9          0.49760242  0.85183490  0.85008898  0.81523298  0.78577005  0.75185492  0.69116186  0.60593561  0.50658184  0.49775766
s10         0.61948851  0.95177258  0.95120856  0.93844882  0.92092789  0.89082743  0.83091696  0.73858892  0.62670140  0.61930575
s11         0.70485354  0.98458793  0.98444511  0.98034726  0.97131399  0.94826997  0.90082707  0.81914439  0.71139984  0.70480622
s12         0.77576119  0.99507768  0.99505588  0.99376646  0.99035400  0.97511154  0.94142857  0.87735107  0.78168703  0.77562178
s13         0.83689969  0.99841149  0.99841716  0.99801762  0.99689987  0.98944885  0.96646008  0.92053250  0.84218291  0.83697469
s14         0.88784090  0.99947002  0.99948410  0.99936223  0.99900722  0.99630640  0.98239608  0.95107420  0.89206124  0.88788747
s15         0.92748779  0.99980646  0.99982233  0.99978824  0.99967551  0.99880033  0.99256029  0.97170942  0.93045005  0.92738886
s16         0.95560936  0.99991399  0.99992977  0.99992254  0.99988690  0.99960972  0.99745120  0.98560548  0.95775049  0.95560624
s17         0.97464134  0.99994819  0.99996385  0.99996509  0.99995379  0.99986615  0.99917302  0.99429553  0.97611189  0.97471134

Top summary
1% 164
score  map_0  map_1  map_2  map_3  map_4  map_5  map_6  map_7  map_8  map_9
pro    100.0   87.5   93.8  100.0  100.0  100.0  100.0  100.0  100.0  100.0
s6       0.0    6.2    6.2    0.0    0.0    0.0    0.0    0.0    0.0    0.0
s7       6.2   18.8    6.2   12.5    0.0    6.2    6.2    0.0    0.0    0.0
s8       0.0   25.0   43.8   43.8   18.8    6.2   12.5    0.0   12.5    0.0
s9      12.5   68.8   87.5   93.8   12.5    6.2    0.0    0.0    6.2    0.0
s10      0.0   87.5   81.2  100.0   50.0   18.8   12.5    0.0    0.0    0.0
s11      0.0   87.5   93.8  100.0  100.0   37.5    0.0    0.0   12.5    0.0
s12      0.0   87.5   93.8  100.0  100.0   75.0   25.0    6.2    0.0    0.0
s13      0.0   87.5   93.8  100.0  100.0   93.8   43.8    6.2    6.2    0.0
s14      6.2   87.5   93.8  100.0  100.0  100.0   81.2   18.8    6.2    6.2
s15      6.2   87.5   93.8  100.0  100.0  100.0  100.0   43.8   18.8   12.5
s16     31.2   87.5   93.8  100.0  100.0  100.0  100.0   81.2   25.0   31.2
s17     56.2   87.5   93.8  100.0  100.0  100.0  100.0  100.0   56.2   56.2

10% 1639
score  map_0  map_1  map_2  map_3  map_4  map_5  map_6  map_7  map_8  map_9
pro    100.0  100.0  100.0  100.0  100.0  100.0  100.0  100.0  100.0  100.0
s6      12.5   25.0   18.8   18.8   18.8   18.8   18.8   12.5    6.2    0.0
s7      18.8   50.0   50.0   37.5   18.8   18.8   31.2   18.8   12.5   12.5
s8       6.2   81.2   87.5   87.5   50.0   37.5   25.0   18.8   18.8    6.2
s9      18.8   93.8  100.0  100.0   87.5   56.2   12.5   12.5   18.8   12.5
s10      6.2   93.8  100.0  100.0  100.0   75.0   56.2   37.5   18.8    6.2
s11      6.2  100.0  100.0  100.0  100.0   93.8   50.0   56.2   31.2    6.2
s12     12.5  100.0  100.0  100.0  100.0  100.0   87.5   62.5    6.2   25.0
s13     31.2  100.0  100.0  100.0  100.0  100.0  100.0   75.0   43.8   25.0
s14     50.0  100.0  100.0  100.0  100.0  100.0  100.0   81.2   50.0   43.8
s15     75.0  100.0  100.0  100.0  100.0  100.0  100.0   93.8   43.8   75.0
s16     93.8  100.0  100.0  100.0  100.0  100.0  100.0  100.0   81.2   81.2
s17    100.0  100.0  100.0  100.0  100.0  100.0  100.0  100.0  100.0   93.8
