qiskit_energy,pytorch_energy
1.7329271610000000e+04,1.7329271610000000e+04
2.9668977359000000e+04,2.9668977359000000e+04
5.4235607251000001e+03,5.4235607251000001e+03
1.0471511823999999e+03,1.0471511823999999e+03
2.5742263861000001e+03,2.5742263861000001e+03
4.4081688591000002e+01,4.4081688593000003e+01
1.7412445969999999e+02,1.7412445971000000e+02
5.6460485032999998e+02,5.6460485033999998e+02
7.0424624591999998e+02,7.0424624591999998e+02
1.4328788897999999e+02,1.4328788897999999e+02
4.0217225665000001e+02,4.0217225665000001e+02
4.8757771693000004e+03,4.8757771693000004e+03
7.3758868692000004e+04,7.3758868692000004e+04
4.2437711784999999e+02,4.2437711784999999e+02
4.6069824129000000e+02,4.6069824129000000e+02
3.8251676090000001e+03,3.8251676090000001e+03
2.1219930502000002e+03,2.1219930502000002e+03
2.3030456284000000e+04,2.3030456284000000e+04
2.8265701297999999e+02,2.8265701297999999e+02
1.1435195781000001e+05,1.1435195781000001e+05
4.2437711784999999e+02,4.2437711784999999e+02
2.5742263861000001e+03,2.5742263861000001e+03
5.6460485032999998e+02,5.6460485033999998e+02
4.6069824129000000e+02,4.6069824129000000e+02
6.9863516806999996e+03,6.9863516806999996e+03
2.7662128631000002e+01,2.7662128628000001e+01
8.9599037196999996e+02,8.9599037196999996e+02
3.1006994110000000e+04,3.1006994110000000e+04
4.4081688591000002e+01,4.4081688593000003e+01
7.3758868692000004e+04,7.3758868692000004e+04
3.8251676090000001e+03,3.8251676090000001e+03
1.7412445969999999e+02,1.7412445971000000e+02
1.6904210148000000e+03,1.6904210148000000e+03
9.1795303468999998e+02,9.1795303468999998e+02
2.0833300954999999e+04,2.0833300954999999e+04
5.9239539705000004e+02,5.9239539705000004e+02
1.8959893450000001e+02,1.8959893449000000e+02
2.4998192037999999e+01,2.4998192038999999e+01
7.4393534204999995e+01,7.4393534201999998e+01
8.2089624013000002e+02,8.2089624013000002e+02
1.3899193719999999e+04,1.3899193719999999e+04
5.9011318160000002e+01,5.9011318162999999e+01
9.2826033074999998e+02,9.2826033074999998e+02
1.8231635627000000e+02,1.8231635627000000e+02
9.6919534228999997e+04,9.6919534228999997e+04
1.3294889735999999e+02,1.3294889735999999e+02
4.1686706323999999e+02,4.1686706322999999e+02
2.0398005765000002e+04,2.0398005765000002e+04
1.4054218962999999e+04,1.4054218962999999e+04
3.3978718770000000e+03,3.3978718770000000e+03
1.3377980502000000e+01,1.3377980502000000e+01
9.3973631991000002e+04,9.3973631991000002e+04
1.3294889735999999e+02,1.3294889735999999e+02
1.8959893450000001e+02,1.8959893449000000e+02
8.2089624013000002e+02,8.2089624013000002e+02
4.1686706323999999e+02,4.1686706322999999e+02
3.6404989680999999e+04,3.6404989680999999e+04
1.1620579506000000e+01,1.1620579509000001e+01
1.4596534730999999e+03,1.4596534730999999e+03
1.2551606422999999e+04,1.2551606422999999e+04
2.4998192037999999e+01,2.4998192038999999e+01
9.6919534228999997e+04,9.6919534228999997e+04
2.0398005765000002e+04,2.0398005765000002e+04
7.4393534204999995e+01,7.4393534201999998e+01
4.3602846681999999e+01,4.3602846677999999e+01
1.4373487119000001e+02,1.4373487118000000e+02
8.0372252189000006e+04,8.0372252189000006e+04
1.7408979842000001e+03,1.7408979842000001e+03
1.6627028642999999e+01,1.6627028641999999e+01
1.5421855559000001e+01,1.5421855555000000e+01
6.9253667196999999e+01,6.9253667203000006e+01
4.0579437519999999e+02,4.0579437519999999e+02
4.7644642849000003e+04,4.7644642849000003e+04
2.4080750706000000e+01,2.4080750710000000e+01
7.3834647050000003e+03,7.3834647050000003e+03
2.7637559568000000e+01,2.7637559569000000e+01
3.3140996359999997e+04,3.3140996359999997e+04
7.2334854621999995e+01,7.2334854624000002e+01
2.5544503853000001e+02,2.5544503853000001e+02
8.6019218196999995e+04,8.6019218196999995e+04
4.9381691089000000e+04,4.9381691089000000e+04
6.0189020429000002e+03,6.0189020429000002e+03
1.9083384465000000e+00,1.9083384450000000e+00
1.1850423540000000e+04,1.1850423540000000e+04
7.2334854621999995e+01,7.2334854624000002e+01
1.6627028642999999e+01,1.6627028641999999e+01
4.0579437519999999e+02,4.0579437519999999e+02
2.5544503853000001e+02,2.5544503853000001e+02
1.1448722908999999e+05,1.1448722908999999e+05
1.8135644056000000e+01,1.8135644053000000e+01
2.6465032052000001e+03,2.6465032052000001e+03
2.5012434561999999e+03,2.5012434561999999e+03
1.5421855559000001e+01,1.5421855555000000e+01
3.3140996359999997e+04,3.3140996359999997e+04
8.6019218196999995e+04,8.6019218196999995e+04
6.9253667196999999e+01,6.9253667203000006e+01
-7.3676618085000003e+00,-7.3676618080000003e+00
1.9426010379000001e+01,1.9426010382000001e+01
1.6520417678000001e+05,1.6520417678000001e+05
1.9191963736000002e+04,1.9191963736000002e+04
1.5879360047000000e+02,1.5879360048000001e+02
7.7362938583000002e+01,7.7362938583000002e+01
5.6409340049000002e+02,5.6409340050000003e+02
9.0916240721999998e+02,9.0916240722999999e+02
9.0605645787999994e+04,9.0605645787999994e+04
3.8912986171000000e+01,3.8912986171000000e+01
3.9617447390000001e+04,3.9617447390000001e+04
5.1160708261000003e+01,5.1160708262999997e+01
2.3804910808000000e+03,2.3804910808000000e+03
3.9859305478000003e+01,3.9859305474000003e+01
1.3510577189000000e+02,1.3510577187999999e+02
1.3583065852000000e+05,1.3583065852000000e+05
1.1974981560000000e+05,1.1974981560000000e+05
1.1405244540000000e+04,1.1405244540000000e+04
9.6840224629000005e+01,9.6840224629000005e+01
2.4181874569999999e+02,2.4181874569999999e+02
3.9859305478000003e+01,3.9859305474000003e+01
1.5879360047000000e+02,1.5879360048000001e+02
9.0916240721999998e+02,9.0916240722999999e+02
1.3510577189000000e+02,1.3510577187999999e+02
2.1211058986000001e+05,2.1211058986000001e+05
9.0057830632999995e+01,9.0057830631000002e+01
2.0604320452000000e+04,2.0604320452000000e+04
2.3688516157999999e+02,2.3688516157000001e+02
7.7362938583000002e+01,7.7362938583000002e+01
2.3804910808000000e+03,2.3804910808000000e+03
1.3583065852000000e+05,1.3583065852000000e+05
5.6409340049000002e+02,5.6409340050000003e+02
-7.8244019029000000e+00,-7.8244019020000000e+00
1.3298621059000000e+01,1.3298621062000000e+01
2.7437182838999998e+05,2.7437182838999998e+05
7.3911227511000005e+04,7.3911227511000005e+04
1.3936657485999999e+03,1.3936657485999999e+03
1.2701597801000000e+03,1.2701597801000000e+03
2.0318434740000000e+03,2.0318434740000000e+03
1.5478411813000001e+04,1.5478411813000001e+04
1.3146488490999999e+05,1.3146488490999999e+05
2.9899952496000001e+01,2.9899952496000001e+01
9.1098389139000006e+04,9.1098389139000006e+04
1.8738711741000000e+02,1.8738711741000000e+02
1.7957591785000000e+03,1.7957591785000000e+03
3.0937712406999999e+01,3.0937712405999999e+01
3.4137071275000000e+02,3.4137071276000000e+02
1.1850854850000000e+05,1.1850854850000000e+05
1.8198627384000001e+05,1.8198627384000001e+05
3.5489524925999998e+04,3.5489524925999998e+04
5.1084049821000002e+02,5.1084049821000002e+02
6.6231867813999997e+03,6.6231867813999997e+03
3.0937712406999999e+01,3.0937712405999999e+01
1.3936657485999999e+03,1.3936657485999999e+03
1.5478411813000001e+04,1.5478411813000001e+04
3.4137071275000000e+02,3.4137071276000000e+02
2.1609813998000001e+05,2.1609813998000001e+05
4.6095307860000003e+02,4.6095307860000003e+02
6.9801137489000001e+04,6.9801137489000001e+04
3.6833135798999997e+01,3.6833135798999997e+01
1.2701597801000000e+03,1.2701597801000000e+03
1.7957591785000000e+03,1.7957591785000000e+03
1.1850854850000000e+05,1.1850854850000000e+05
2.0318434740000000e+03,2.0318434740000000e+03
-6.7048419493999996e+00,-6.7048419490000004e+00
1.4858096906000000e+02,1.4858096906000000e+02
3.5328787037999998e+05,3.5328787037999998e+05
1.2626114161999999e+05,1.2626114161999999e+05
4.2734099389000003e+03,4.2734099389000003e+03
1.5326501494000000e+04,1.5326501494000000e+04
2.9115493965000001e+03,2.9115493965000001e+03
4.3555488576999996e+04,4.3555488576999996e+04
7.0971207175000003e+04,7.0971207175000003e+04
1.4833077825000000e+01,1.4833077829000000e+01
9.8475907917999997e+04,9.8475907917999997e+04
5.2517564364999998e+02,5.2517564364999998e+02
8.1897300007000003e+03,8.1897300007000003e+03
1.4329951829999999e+02,1.4329951829999999e+02
3.1580359770000000e+03,3.1580359770000000e+03
9.5980286722999997e+04,9.5980286722999997e+04
1.7237922172000000e+05,1.7237922172000000e+05
6.2624166782000000e+04,6.2624166782000000e+04
5.0681039641000001e+02,5.0681039641000001e+02
2.9639187151000001e+03,2.9639187151000001e+03
1.4329951829999999e+02,1.4329951829999999e+02
4.2734099389000003e+03,4.2734099389000003e+03
4.3555488576999996e+04,4.3555488576999996e+04
3.1580359770000000e+03,3.1580359770000000e+03
1.3214501274000001e+05,1.3214501274000001e+05
1.3109031061999999e+03,1.3109031061999999e+03
9.5927921017000001e+04,9.5927921017000001e+04
4.3246259516000002e+01,4.3246259516000002e+01
1.5326501494000000e+04,1.5326501494000000e+04
8.1897300007000003e+03,8.1897300007000003e+03
9.5980286722999997e+04,9.5980286722999997e+04
2.9115493965000001e+03,2.9115493965000001e+03
3.6848398355000000e+01,3.6848398355999997e+01
5.8823644371000000e+03,5.8823644371000000e+03
3.1861144587000000e+05,3.1861144587000000e+05
1.9914402343000000e+05,1.9914402343000000e+05
2.6161091596000001e+03,2.6161091596000001e+03
1.0097708035000000e+05,1.0097708035000000e+05
1.7117236227999999e+03,1.7117236227999999e+03
4.5103525382000000e+04,4.5103525382000000e+04
7.0221823602999997e+04,7.0221823602999997e+04
3.0929193543000000e+01,3.0929193543000000e+01
7.2918941714000001e+04,7.2918941714000001e+04
8.2778806390000000e+02,8.2778806390000000e+02
2.7771770269000001e+04,2.7771770269000001e+04
2.8680899285999999e+03,2.8680899285999999e+03
4.4091972652999997e+04,4.4091972652999997e+04
1.3413246317000000e+05,1.3413246317000000e+05
1.1019188490000000e+05,1.1019188490000000e+05
1.2060373439000000e+05,1.2060373439000000e+05
5.6148620845000003e+01,5.6148620846999997e+01
2.3567796312000000e+03,2.3567796312000000e+03
2.8680899285999999e+03,2.8680899285999999e+03
2.6161091596000001e+03,2.6161091596000001e+03
4.5103525382000000e+04,4.5103525382000000e+04
4.4091972652999997e+04,4.4091972652999997e+04
1.4897792222000001e+05,1.4897792222000001e+05
1.6823501656999999e+03,1.6823501656999999e+03
1.6485051754000000e+05,1.6485051754000000e+05
5.0237995712000000e+01,5.0237995712000000e+01
1.0097708035000000e+05,1.0097708035000000e+05
2.7771770269000001e+04,2.7771770269000001e+04
1.3413246317000000e+05,1.3413246317000000e+05
1.7117236227999999e+03,1.7117236227999999e+03
2.1942151266999999e+03,2.1942151266999999e+03
1.9285413618999999e+04,1.9285413618999999e+04
2.4384263748999999e+05,2.4384263748999999e+05
1.7533060281000001e+05,1.7533060281000001e+05
1.1730230884000001e+04,1.1730230884000001e+04
1.9783502963999999e+05,1.9783502963999999e+05
1.6369833133000000e+03,1.6369833133000000e+03
8.9207893007000002e+03,8.9207893007000002e+03
9.9570844068000006e+04,9.9570844068000006e+04
1.0606769076000000e+02,1.0606769076000000e+02
5.5365573096000000e+04,5.5365573096000000e+04
7.5999008776999995e+02,7.5999008776999995e+02
3.2827877988000000e+04,3.2827877988000000e+04
6.5619411233999999e+04,6.5619411233999999e+04
1.0479787293000000e+05,1.0479787293000000e+05
1.7509030890000000e+05,1.7509030890000000e+05
1.5786192438000001e+05,1.5786192438000001e+05
1.5124873027000000e+05,1.5124873027000000e+05
1.8395690405000000e+01,1.8395690402000000e+01
2.1031146303000000e+03,2.1031146303000000e+03
6.5619411233999999e+04,6.5619411233999999e+04
1.1730230884000001e+04,1.1730230884000001e+04
8.9207893007000002e+03,8.9207893007000002e+03
1.0479787293000000e+05,1.0479787293000000e+05
3.3317311894000001e+05,3.3317311894000001e+05
5.0379711213000000e+03,5.0379711213000000e+03
2.2431843599999999e+05,2.2431843599999999e+05
6.3869060251999997e+01,6.3869060249999997e+01
1.9783502963999999e+05,1.9783502963999999e+05
3.2827877988000000e+04,3.2827877988000000e+04
1.7509030890000000e+05,1.7509030890000000e+05
1.6369833133000000e+03,1.6369833133000000e+03
