qiskit_energy,pytorch_energy
2.7976834872999998e+03,2.7976834872999998e+03
8.8930804918000001e+02,8.8930804918000001e+02
6.6283164579000004e+03,6.6283164579000004e+03
6.3469347880000001e+04,6.3469347880000001e+04
1.4307458408000000e+05,1.4307458408000000e+05
1.0785086517999999e+05,1.0785086517999999e+05
2.1922172251000000e+04,2.1922172251000000e+04
5.8380669654000003e+03,5.8380669654000003e+03
3.1161860458000001e+03,3.1161860458000001e+03
7.1536817744999996e+02,7.1536817745999997e+02
3.3151462753999999e+03,3.3151462753999999e+03
9.9103567425000001e+04,9.9103567425000001e+04
1.3252556766000000e+05,1.3252556766000000e+05
1.1644158921000001e+05,1.1644158921000001e+05
1.5979189574000000e+04,1.5979189574000000e+04
1.2572112612999999e+03,1.2572112612999999e+03
2.6506109077999999e+03,2.6506109077999999e+03
5.3532316062999996e+02,5.3532316062999996e+02
1.4245250679000001e+03,1.4245250679000001e+03
8.3577711207000000e+04,8.3577711207000000e+04
9.5794201711000002e+04,9.5794201711000002e+04
9.1700017326000001e+04,9.1700017326000001e+04
1.0398274402999999e+04,1.0398274402999999e+04
4.1200677137999998e+02,4.1200677138999998e+02
1.0283370792000000e+04,1.0283370792000000e+04
1.6669627706000001e+03,1.6669627706000001e+03
5.6682383350999999e+02,5.6682383350999999e+02
1.0158936743000000e+04,1.0158936743000000e+04
2.2574740037000000e+04,2.2574740037000000e+04
1.4598828673000000e+04,1.4598828673000000e+04
1.6519739775999999e+03,1.6519739775999999e+03
7.7648199629999993e+01,7.7648199629000004e+01
5.9171639743000000e+04,5.9171639743000000e+04
2.0447442070000001e+04,2.0447442070000001e+04
5.5980149743000002e+03,5.5980149743000002e+03
6.3180007785999999e+02,6.3180007785999999e+02
1.6501439573000000e+03,1.6501439573000000e+03
7.6295679196000003e+02,7.6295679196000003e+02
9.3812176033000000e+01,9.3812176034999993e+01
4.1301510741999998e+01,4.1301510743000001e+01
1.7068746700000000e+05,1.7068746700000000e+05
1.1584507498999999e+05,1.1584507498999999e+05
5.2273635983000000e+04,5.2273635983000000e+04
1.2495105386000000e+03,1.2495105386000000e+03
1.1634188451000000e+02,1.1634188451000000e+02
2.7690906323000000e+01,2.7690906319000000e+01
6.4482338235999999e+00,6.4482338219999997e+00
4.1002452288999997e+01,4.1002452290000001e+01
1.4767596077000001e+05,1.4767596077000001e+05
1.2229715643000000e+05,1.2229715643000000e+05
6.1058707853000000e+04,6.1058707853000000e+04
1.4126580088000001e+03,1.4126580088000001e+03
1.0093163647000000e+02,1.0093163647000000e+02
1.9746061129000001e+01,1.9746061131000001e+01
1.3725928107000000e+01,1.3725928108000000e+01
9.1102061745000000e+01,9.1102061742999993e+01
6.2298152667000002e+04,6.2298152667000002e+04
6.1491844502000000e+04,6.1491844502000000e+04
6.6913822710000004e+03,6.6913822710000004e+03
4.2335076945999998e+02,4.2335076944999997e+02
7.2529164410000007e+01,7.2529164409000003e+01
3.3276203641999999e+01,3.3276203641999999e+01
8.8750747251000007e+01,8.8750747246000003e+01
1.2912009748999999e+03,1.2912009748999999e+03
7.6290771835999999e+02,7.6290771835999999e+02
2.7301607939000002e+02,2.7301607940000002e+02
1.0815269949999999e+03,1.0815269949999999e+03
1.4840807122000000e+04,1.4840807122000000e+04
6.9670694455000004e+04,6.9670694455000004e+04
3.4329269110000001e+04,3.4329269110000001e+04
4.0456790065000000e+03,4.0456790065000000e+03
3.3777457528999997e+02,3.3777457529999998e+02
5.8779950973999996e+02,5.8779950974999997e+02
1.9466542523999999e+02,1.9466542523999999e+02
1.3878941867999999e+03,1.3878941867999999e+03
8.7699307627999995e+04,8.7699307627999995e+04
1.0257395177000000e+05,1.0257395177000000e+05
9.7022795056000003e+04,9.7022795056000003e+04
1.1794104861000000e+04,1.1794104861000000e+04
4.9822453711999998e+02,4.9822453711999998e+02
5.6018016132000002e+02,5.6018016132000002e+02
1.4000829035999999e+02,1.4000829035999999e+02
9.9171773356999995e+02,9.9171773356999995e+02
9.3229345121999999e+04,9.3229345121999999e+04
1.0090501179000000e+05,1.0090501179000000e+05
1.0060378537000000e+05,1.0060378537000000e+05
1.1018996290999999e+04,1.1018996290999999e+04
3.6346237177000000e+02,3.6346237177000000e+02
3.5530677922000000e+03,3.5530677922000000e+03
1.3876041267000001e+03,1.3876041267000001e+03
4.2114869556000002e+02,4.2114869556000002e+02
1.1402170537000000e+04,1.1402170537000000e+04
2.5273145288000000e+04,2.5273145288000000e+04
1.6452581952000000e+04,1.6452581952000000e+04
1.8040482300000001e+03,1.8040482300000001e+03
2.3734153703000001e+02,2.3734153703000001e+02
3.8380379198000002e+04,3.8380379198000002e+04
2.0903528167000000e+04,2.0903528167000000e+04
5.8871982109000000e+03,5.8871982109000000e+03
4.7935836387000001e+02,4.7935836388000001e+02
1.8145425522999999e+03,1.8145425522999999e+03
8.3817398492999996e+02,8.3817398493999997e+02
1.1623486533000001e+02,1.1623486533000001e+02
9.2664949926999998e+02,9.2664949926999998e+02
1.0820858164999999e+05,1.0820858164999999e+05
9.8626273614999998e+04,9.8626273614999998e+04
5.8697701823000003e+04,5.8697701823000003e+04
7.1975251302000004e+02,7.1975251303000005e+02
2.6988180066000002e+01,2.6988180068999998e+01
9.0277456281999999e+00,9.0277456279999999e+00
1.4999903223000000e+01,1.4999903224000001e+01
7.8796307855999999e+02,7.8796307856999999e+02
9.9561825198000006e+04,9.9561825198000006e+04
9.5667232237999997e+04,9.5667232237999997e+04
5.7494158414999998e+04,5.7494158414999998e+04
9.4063683947000004e+02,9.4063683947000004e+02
1.1233937486000000e+01,1.1233937488000000e+01
-2.4275695882999999e+00,-2.4275695850000001e+00
8.3042286796999998e-01,8.3042286600000004e-01
1.5961544226999999e+02,1.5961544226999999e+02
3.0618337416999999e+04,3.0618337416999999e+04
5.6423826403999999e+04,5.6423826403999999e+04
6.2753578022000002e+03,6.2753578022000002e+03
2.4328008324000001e+02,2.4328008324000001e+02
1.5726794090000000e+01,1.5726794091000000e+01
2.9765951109000000e+00,2.9765951120000000e+00
4.3838248579999997e+00,4.3838248599999998e+00
5.5060285231000002e+01,5.5060285233999998e+01
1.9303630997000000e+04,1.9303630997000000e+04
3.0447054361000000e+03,3.0447054361000000e+03
2.8202618288000002e+02,2.8202618288000002e+02
1.7194817802000000e+03,1.7194817802000000e+03
1.0286729832000001e+04,1.0286729832000001e+04
4.4755149557000004e+03,4.4755149557000004e+03
5.8129464963999999e+02,5.8129464965000000e+02
7.0776842979999998e+01,7.0776842978000005e+01
1.4948907902000001e+04,1.4948907902000001e+04
2.4546761111000001e+03,2.4546761111000001e+03
4.3702045201999999e+02,4.3702045201999999e+02
1.6328792578000001e+04,1.6328792578000001e+04
4.2706567779999998e+04,4.2706567779999998e+04
2.5841761426000001e+04,2.5841761426000001e+04
2.8783471593999998e+03,2.8783471593999998e+03
1.1399692447000000e+02,1.1399692447000000e+02
2.1662245311000001e+03,2.1662245311000001e+03
4.3735684759999998e+02,4.3735684759999998e+02
2.9710270380999998e+02,2.9710270380999998e+02
1.6772348182000002e+04,1.6772348182000002e+04
3.8396739750000001e+04,3.8396739750000001e+04
2.3875875005000002e+04,2.3875875005000002e+04
2.5635698066999998e+03,2.5635698066999998e+03
1.2656558553000001e+02,1.2656558553000001e+02
1.8870728067000000e+04,1.8870728067000000e+04
1.7414112399000001e+03,1.7414112399000001e+03
1.4700809290999999e+02,1.4700809292000000e+02
2.2324743042999999e+03,2.2324743042999999e+03
6.8882897597000001e+03,6.8882897597000001e+03
3.8023590776000001e+03,3.8023590776000001e+03
4.6454205948999999e+02,4.6454205948999999e+02
1.1972035788000001e+03,1.1972035788000001e+03
8.7377823512000003e+04,8.7377823512000003e+04
1.4896040274000001e+04,1.4896040274000001e+04
1.2475443398000000e+03,1.2475443398000000e+03
1.2043812585000001e+02,1.2043812585000001e+02
3.9917316849000002e+02,3.9917316849000002e+02
1.9803182153000000e+02,1.9803182151999999e+02
1.4289455765000000e+02,1.4289455765000000e+02
1.1889274442000000e+04,1.1889274442000000e+04
1.2339600899000000e+05,1.2339600899000000e+05
6.4358181035000001e+04,6.4358181035000001e+04
8.1645454344999998e+03,8.1645454344999998e+03
1.8522610108000001e+02,1.8522610108000001e+02
2.0724479154000002e+00,2.0724479150000001e+00
-2.3314466367000000e+00,-2.3314466330000001e+00
9.8050055327999999e+01,9.8050055334000007e+01
8.5070973051000001e+03,8.5070973051000001e+03
6.6554032422999997e+04,6.6554032422999997e+04
5.4346243416999998e+04,5.4346243416999998e+04
1.1074274530000001e+04,1.1074274530000001e+04
2.4049241841000000e+02,2.4049241841000000e+02
-1.5753103665999999e+00,-1.5753103660000001e+00
-6.4272587718000000e+00,-6.4272587740000002e+00
1.3529117504000000e+01,1.3529117502000000e+01
1.0060526200000000e+03,1.0060526200000000e+03
5.5537412243999997e+03,5.5537412243999997e+03
7.5897970095999999e+03,7.5897970095999999e+03
1.3363789409999999e+03,1.3363789409999999e+03
7.2981931908000007e+01,7.2981931910000000e+01
1.8960663282000001e+00,1.8960663240000000e+00
-3.3737548148999998e+00,-3.3737548149999999e+00
-1.1564610332000000e+00,-1.1564610350000000e+00
4.9698735874000000e+01,4.9698735872999997e+01
8.8786241041999994e+04,8.8786241041999994e+04
4.1046116567999998e+04,4.1046116567999998e+04
1.0545322834000001e+03,1.0545322834000001e+03
2.0841679343999999e+02,2.0841679343999999e+02
4.4501444251999999e+02,4.4501444251999999e+02
2.6921653227000002e+02,2.6921653227000002e+02
6.8685711511999997e+01,6.8685711514000005e+01
5.2450598790000001e+01,5.2450598790000001e+01
8.7858611518999998e+04,8.7858611518999998e+04
4.2880980146000002e+04,4.2880980146000002e+04
7.1509879402000001e+02,7.1509879403000002e+02
7.7020044924000001e+02,7.7020044924000001e+02
5.0634848230999996e+03,5.0634848230999996e+03
2.2432985386000000e+03,2.2432985386000000e+03
2.3358802417999999e+02,2.3358802419000000e+02
1.7705722156000000e+01,1.7705722157000000e+01
1.6535504300000001e+04,1.6535504300000001e+04
4.8362342441999999e+03,4.8362342441999999e+03
1.5511979646000000e+02,1.5511979646000000e+02
6.5130818451000005e+02,6.5130818451000005e+02
4.2590063700999999e+03,4.2590063700999999e+03
1.7313641379999999e+03,1.7313641379999999e+03
1.8692024450000000e+02,1.8692024451000000e+02
5.1417786362999998e+01,5.1417786366999998e+01
1.2698023534000000e+04,1.2698023534000000e+04
1.2763890864000000e+03,1.2763890864000000e+03
5.2906215244999999e+01,5.2906215244999999e+01
1.1579351552999999e+02,1.1579351552999999e+02
6.0062245633999999e+02,6.0062245633999999e+02
2.7490928143000002e+02,2.7490928143000002e+02
6.3027972341999998e+01,6.3027972345999999e+01
1.1074955517999999e+03,1.1074955517999999e+03
9.2630197943000006e+04,9.2630197943000006e+04
9.1523831171999991e+03,9.1523831171999991e+03
2.6289434670000003e+02,2.6289434670999998e+02
6.2737109080000000e+00,6.2737109090000001e+00
2.1933214390000000e+01,2.1933214390000000e+01
1.1542445645999999e+01,1.1542445645999999e+01
1.2238935346000000e+02,1.2238935346000000e+02
1.0893060876000000e+04,1.0893060876000000e+04
1.0096514251000001e+05,1.0096514251000001e+05
9.9844123006999998e+03,9.9844123006999998e+03
4.0054370953000000e+02,4.0054370953000000e+02
8.0834207322000005e+00,8.0834207379999992e+00
-7.4618397798000000e+00,-7.4618397810000001e+00
-6.1994679042999996e+00,-6.1994679079999999e+00
1.0317458542000000e+02,1.0317458542000000e+02
7.8372149391000003e+03,7.8372149391000003e+03
1.5608637616000000e+04,1.5608637616000000e+04
2.5057289082000002e+03,2.5057289083000001e+03
3.3598700522000001e+02,3.3598700522000001e+02
1.8858152639000000e+01,1.8858152639000000e+01
-5.7520280183999999e+00,-5.7520280210000001e+00
-5.3773636236000000e+00,-5.3773636209999998e+00
2.0218152876000001e+01,2.0218152870000001e+01
1.0246668231000001e+03,1.0246668231000001e+03
1.6287498135999999e+03,1.6287498135999999e+03
9.5465721683000004e+02,9.5465721683000004e+02
3.4946736076000002e+02,3.4946736076000002e+02
4.9309611259000000e+01,4.9309611259000000e+01
1.3266815016000000e+00,1.3266815009999999e+00
5.2458819340999996e-01,5.2458819400000001e-01
8.8277115481999999e+00,8.8277115490000000e+00
1.1164005770000000e+02,1.1164005770000000e+02
1.0186194176000000e+05,1.0186194176000000e+05
5.0991842492999996e+04,5.0991842492999996e+04
3.5695641962000000e+03,3.5695641962000000e+03
6.3123397964000003e+02,6.3123397964000003e+02
7.5902517875000001e+01,7.5902517876000005e+01
2.6226487889000001e+01,2.6226487892000002e+01
3.4954259151999999e+01,3.4954259151000002e+01
6.4408118252999998e+01,6.4408118255000005e+01
1.0073271934000000e+05,1.0073271934000000e+05
5.0287636679000003e+04,5.0287636679000003e+04
8.5895783115999996e+02,8.5895783115999996e+02
6.0477118611999998e+01,6.0477118609000001e+01
4.7597944056999999e+01,4.7597944065000000e+01
2.8334657346000000e+01,2.8334657351000001e+01
4.8426105531000001e+00,4.8426105530000001e+00
1.2222454944000001e+01,1.2222454947999999e+01
1.8917457525999998e+04,1.8917457525999998e+04
5.6138649391999998e+03,5.6138649391999998e+03
1.4910255771999999e+02,1.4910255771999999e+02
1.5229400462999999e+01,1.5229400461999999e+01
3.6015499896000001e+01,3.6015499890000001e+01
2.0228182203999999e+01,2.0228182205000000e+01
5.6342087026000000e-02,5.6342088999999998e-02
2.0357411787000000e+01,2.0357411785000000e+01
3.1650481883000002e+03,3.1650481883000002e+03
4.2571149462000000e+02,4.2571149462000000e+02
1.5745213179000000e+01,1.5745213180000000e+01
-3.4247141694000001e+00,-3.4247141690000000e+00
2.4368665378999999e+00,2.4368665400000000e+00
-8.0637162049000000e-01,-8.0637161899999998e-01
5.9408773429000004e+00,5.9408773449999996e+00
2.8975203434999997e+02,2.8975203435999998e+02
1.7329271610000000e+04,1.7329271610000000e+04
1.6904210148000000e+03,1.6904210148000000e+03
4.3602846677000002e+01,4.3602846677999999e+01
-7.3676618134999998e+00,-7.3676618080000003e+00
-7.8244019041000001e+00,-7.8244019020000000e+00
-6.7048419469000002e+00,-6.7048419490000004e+00
3.6848398353000000e+01,3.6848398355999997e+01
2.1942151266999999e+03,2.1942151266999999e+03
1.8224926862000000e+04,1.8224926862000000e+04
1.7555445147000000e+03,1.7555445147000000e+03
6.4440447032999998e+01,6.4440447031999994e+01
-1.2462573700999999e+00,-1.2462573720000001e+00
-3.0399884179000001e+00,-3.0399884230000001e+00
2.6183400455000001e+00,2.6183400460000001e+00
8.0730444067999997e+01,8.0730444066000004e+01
2.3609675161999999e+03,2.3609675161999999e+03
3.4751536873000000e+03,3.4751536873000000e+03
1.8922978952000001e+03,1.8922978952000001e+03
7.9968502208999996e+02,7.9968502208999996e+02
1.3056184786000000e+02,1.3056184786000000e+02
5.1127930370999998e+01,5.1127930370000001e+01
8.9157829734000003e+01,8.9157829727999996e+01
2.0817715566000001e+02,2.0817715565000000e+02
3.7336301558000000e+03,3.7336301558000000e+03
1.0223543433999999e+04,1.0223543433999999e+04
3.0392207541000000e+04,3.0392207541000000e+04
1.3017628633000000e+04,1.3017628633000000e+04
1.3775032027000000e+03,1.3775032027000000e+03
2.4533908898999999e+02,2.4533908898999999e+02
3.9341573476000002e+02,3.9341573476000002e+02
3.9818001176000001e+02,3.9818001177000002e+02
2.6798144480999999e+03,2.6798144480999999e+03
3.9345784825000002e+04,3.9345784825000002e+04
2.5857788819000001e+04,2.5857788819000001e+04
1.2171745872000000e+04,1.2171745872000000e+04
2.3198804788000002e+03,2.3198804788000002e+03
1.4799949635999999e+02,1.4799949635999999e+02
2.4740932827000002e+01,2.4740932830999999e+01
3.4470293894000001e+01,3.4470293896999998e+01
6.4746031780999999e+01,6.4746031780999999e+01
3.0858389664999999e+04,3.0858389664999999e+04
1.0763510985999999e+04,1.0763510985999999e+04
4.6937877696999999e+02,4.6937877696999999e+02
8.6321415286000004e+01,8.6321415286999994e+01
1.2140846894999999e+01,1.2140846891000001e+01
-5.2160527594999995e-01,-5.2160527700000003e-01
6.8666765469000002e-01,6.8666765399999996e-01
1.1097325490999999e+01,1.1097325495000000e+01
4.8241310328000000e+03,4.8241310328000000e+03
1.2992178902999999e+03,1.2992178902999999e+03
5.4176843505999997e+01,5.4176843507999997e+01
6.6930564266000003e-01,6.6930564800000003e-01
-5.0362315013999996e+00,-5.0362315009999996e+00
-6.2346637878999998e+00,-6.2346637899999999e+00
-4.9841917725000000e+00,-4.9841917740000001e+00
7.5745585029000004e+00,7.5745585039999996e+00
3.9674122569999997e+02,3.9674122569999997e+02
7.2741228593000002e+01,7.2741228590999995e+01
-3.9102591867999997e-01,-3.9102592100000000e-01
-7.3107115028000003e+00,-7.3107115059999996e+00
-8.1516083008999995e+00,-8.1516083019999996e+00
-7.8089073439999996e+00,-7.8089073439999996e+00
-4.1755670550000001e+00,-4.1755670589999996e+00
3.5158290006999998e+01,3.5158290006999998e+01
7.8439132070000005e+02,7.8439132070999995e+02
8.0803749131999993e+01,8.0803749135000004e+01
-1.9557710522000000e+00,-1.9557710589999999e+00
-7.4139539918999997e+00,-7.4139539929999998e+00
-6.2849110671000004e+00,-6.2849110680000004e+00
-3.1816743536000001e+00,-3.1816743580000000e+00
2.1665844332999999e+01,2.1665844334999999e+01
3.5499854486999999e+02,3.5499854485999998e+02
7.9741713727000001e+02,7.9741713727000001e+02
2.0261338470000001e+02,2.0261338470000001e+02
7.2105689960999996e+01,7.2105689957999999e+01
2.3497551897000001e+01,2.3497551901000001e+01
8.4045895888000004e+01,8.4045895887000000e+01
1.6952462761000001e+02,1.6952462761000001e+02
4.2554304838000002e+02,4.2554304838000002e+02
1.4419554224000000e+04,1.4419554224000000e+04
4.4378796024000003e+03,4.4378796024000003e+03
1.4635453035000000e+04,1.4635453035000000e+04
6.2343841510000002e+03,6.2343841510000002e+03
7.9046740719000002e+02,7.9046740720000003e+02
2.1471191158000001e+03,2.1471191158000001e+03
4.7870792030000002e+03,4.7870792030000002e+03
4.2564665639000004e+03,4.2564665639000004e+03
2.6414548567999998e+04,2.6414548567999998e+04
3.4982365184000002e+04,3.4982365184000002e+04
6.1891096654000001e+04,6.1891096654000001e+04
4.5075824925000001e+04,4.5075824925000001e+04
1.0942426799000001e+04,1.0942426799000001e+04
1.4205622982999999e+04,1.4205622982999999e+04
3.3031834354999999e+04,3.3031834354999999e+04
2.2721089421000001e+04,2.2721089421000001e+04
2.8579735768999999e+04,2.8579735768999999e+04
8.1131225518000001e+03,8.1131225518000001e+03
1.4356933832999999e+04,1.4356933832999999e+04
1.0559043589999999e+04,1.0559043589999999e+04
2.0787350185000000e+03,2.0787350185000000e+03
1.3719805181999999e+02,1.3719805181999999e+02
2.0276407701000000e+01,2.0276407705000000e+01
2.5521698539999999e+01,2.5521698534999999e+01
4.9954016136000000e+01,4.9954016138999997e+01
3.1544053861000002e+03,3.1544053861000002e+03
8.3791249424000000e+02,8.3791249424000000e+02
2.4764433769999999e+02,2.4764433769999999e+02
7.8474816680999993e+01,7.8474816680000004e+01
1.1130642723999999e+01,1.1130642720000001e+01
-1.2732308370000001e+00,-1.2732308390000000e+00
-6.6045722083000002e-01,-6.6045721700000004e-01
6.0779472836000004e+00,6.0779472820000002e+00
4.0630478212999998e+02,4.0630478212999998e+02
1.0271265858000000e+02,1.0271265859000000e+02
1.3197712180000000e+01,1.3197712183000000e+01
-1.9416226867000000e-01,-1.9416226600000000e-01
-5.0720723312000002e+00,-5.0720723349999997e+00
-6.3730871775000004e+00,-6.3730871740000001e+00
-5.6308378185999999e+00,-5.6308378220000002e+00
1.5189121970000000e-01,1.5189122199999999e-01
4.0515497738999997e+01,4.0515497740000001e+01
7.0114554407999998e+00,7.0114554450000002e+00
-3.6066153827999998e+00,-3.6066153839999999e+00
-6.4017851328999997e+00,-6.4017851329999997e+00
-7.3947163789000001e+00,-7.3947163780000000e+00
-7.2852876998999996e+00,-7.2852876970000002e+00
-5.3824476133000001e+00,-5.3824476140000002e+00
5.8484328625000002e+00,5.8484328620000001e+00
4.4946842787999998e+01,4.4946842787000001e+01
5.9293692051000004e+00,5.9293692050000004e+00
-2.7983150489000002e+00,-2.7983150470000000e+00
-4.7597883634000002e+00,-4.7597883620000001e+00
5.4388998426000001e-01,5.4388998899999996e-01
8.5186052096000004e+00,8.5186052060000002e+00
3.4005417850999997e+01,3.4005417850999997e+01
3.4374132536000002e+02,3.4374132535000001e+02
1.3658766584000000e+02,1.3658766584000000e+02
1.1324535633000001e+02,1.1324535633000001e+02
5.7932483968000000e+01,5.7932483972000000e+01
6.2774311341999997e+01,6.2774311347000001e+01
5.3491594110999995e+02,5.3491594111999996e+02
1.1177807538000000e+03,1.1177807538000000e+03
1.1240631678000000e+03,1.1240631678000000e+03
2.0285230278999999e+04,2.0285230278999999e+04
2.7273142978000001e+03,2.7273142978999999e+03
7.2958347946000004e+03,7.2958347946000004e+03
3.3592789383999998e+03,3.3592789383999998e+03
1.5943869168000001e+03,1.5943869168000001e+03
9.6838775177999996e+03,9.6838775177999996e+03
1.9382606178000002e+04,1.9382606178000002e+04
1.4179025868000001e+04,1.4179025868000001e+04
4.0963147968999998e+04,4.0963147968999998e+04
3.5106630012000001e+04,3.5106630012000001e+04
4.9818812108999999e+04,4.9818812108999999e+04
3.5122957778999997e+04,3.5122957778999997e+04
1.5372990766000001e+04,1.5372990766000001e+04
4.8990224053999998e+04,4.8990224053999998e+04
9.3055120836000002e+04,9.3055120836000002e+04
6.4417945231999998e+04,6.4417945231999998e+04
5.5586164443000001e+04,5.5586164443000001e+04
1.2907047537000001e+03,1.2907047537000001e+03
2.7076812580000001e+03,2.7076812580000001e+03
4.5269804938999996e+03,4.5269804938999996e+03
1.3541479457999999e+03,1.3541479457999999e+03
1.5092136464000001e+02,1.5092136464000001e+02
1.5225500327000001e+01,1.5225500328000001e+01
1.4746952358000000e+01,1.4746952358000000e+01
3.2545495617999997e+01,3.2545495623000001e+01
1.7363435992000001e+02,1.7363435992000001e+02
1.7816599313000000e+02,1.7816599313000000e+02
2.1422077154999999e+02,2.1422077156000000e+02
8.7177561427000001e+01,8.7177561427000001e+01
1.1485998306999999e+01,1.1485998309999999e+01
-2.2794470887000000e+00,-2.2794470880000000e+00
-2.1791801660000001e+00,-2.1791801660000001e+00
1.8360186836000001e+00,1.8360186869999999e+00
6.4283232077999998e+01,6.4283232076000004e+01
1.8429156944999999e+01,1.8429156945999999e+01
7.5503432904999999e+00,7.5503432889999997e+00
-1.5538010280000000e-01,-1.5538010399999999e-01
-4.7690342448000003e+00,-4.7690342450000003e+00
-6.0930333486999997e+00,-6.0930333470000004e+00
-5.8272084292999997e+00,-5.8272084309999999e+00
-3.4615480372000000e+00,-3.4615480399999998e+00
6.1429987767999997e+01,6.1429987767000000e+01
1.5607692251000000e+01,1.5607692253000000e+01
4.0369953123000002e+00,4.0369953199999999e+00
-2.5581898517999999e+00,-2.5581898509999998e+00
-5.6078963520000000e+00,-5.6078963560000004e+00
-6.2331046609999996e+00,-6.2331046570000002e+00
-5.4116196405999997e+00,-5.4116196350000001e+00
-8.2352131874000001e-01,-8.2352131399999995e-01
8.0330466899000001e+01,8.0330466900000005e+01
3.6303831266000003e+01,3.6303831267000000e+01
1.7049964756000001e+01,1.7049964756000001e+01
4.2800461471000002e+00,4.2800461470000002e+00
3.7416290300999999e+00,3.7416290320000001e+00
9.6106588148000007e+00,9.6106588120000005e+00
2.0430628651999999e+01,2.0430628652999999e+01
1.6743202961000000e+02,1.6743202962000001e+02
1.8551306711000001e+02,1.8551306710000000e+02
9.7076520743000003e+01,9.7076520744000007e+01
5.9820474226000002e+01,5.9820474226999998e+01
6.8765432520999994e+01,6.8765432525999998e+01
4.4245255162000001e+02,4.4245255162000001e+02
9.1155014335999999e+02,9.1155014334999998e+02
7.8259906462000004e+02,7.8259906462000004e+02
8.0049322162999997e+03,8.0049322162999997e+03
8.7803897597000002e+02,8.7803897596000002e+02
1.1674341932000000e+03,1.1674341932000000e+03
9.0629196553999998e+02,9.0629196554999999e+02
1.1653590377000000e+03,1.1653590377000000e+03
9.3538810907999996e+03,9.3538810907999996e+03
1.9523371730999999e+04,1.9523371730999999e+04
1.3160105920000000e+04,1.3160105920000000e+04
1.9652760439000001e+04,1.9652760439000001e+04
6.8465750541999996e+03,6.8465750541999996e+03
1.0258854450999999e+04,1.0258854450999999e+04
1.0667019318000001e+04,1.0667019318000001e+04
8.7728639875999997e+03,8.7728639875999997e+03
5.0499119332000002e+04,5.0499119332000002e+04
1.0398195847000000e+05,1.0398195847000000e+05
6.8966083584000007e+04,6.8966083584000007e+04
3.1065761569999999e+04,3.1065761569999999e+04
