map_0    occ                 col08              col09              col10              col11              col12              col13              col14              col15              col16              col17              col18              col19              col20              col21              col22              col23              col24              col25              col26              col27              col28              col29              col30              col31              col32
1ecq_0   1ecq    -7.8244019020e+00   1.8518596137e+04   2.8608478021e+06   7.0370665322e+03   7.8226096638e+05  -3.1037167126e+04   2.7156412857e+05  -5.0370581494e+03   8.9231943169e+04   1.9985268951e+03   2.6635156447e+04   3.1744577499e+02   1.0141894268e+04  -3.0438646099e+02   2.9158733980e+03  -7.4140681123e+01   9.1909076818e+02  -3.9347090845e+01   2.9858185807e+02  -4.3179403202e+00   8.6115937878e+01  -6.5583552665e+00   2.7555701599e+01  -7.3822069790e+00   9.3908767109e+00
1h0r_0   1h0r    -8.1316216790e+00   4.1876902025e+04   2.8112365930e+06  -2.0624374247e+05   8.0330848349e+05  -1.6750760810e+04   2.7019817131e+05  -7.8519191297e+03   9.5983127231e+04  -2.6347550857e+03   2.8593511887e+04   1.2641589799e+03   8.6432947961e+03  -3.0062032067e+02   2.8513841860e+03   1.8907770239e+01   8.4372732206e+02  -2.3038298470e+01   3.0910947250e+02  -1.6157044052e+01   1.0018389376e+02  -7.2069548149e+00   2.8740388603e+01  -7.9084126758e+00   9.1671313898e+00
1we2_0   1we2    -5.7282632830e+00   7.3943176736e+04   2.3849200220e+06   2.1236480359e+05   6.7825928958e+05  -1.5675953468e+04   2.2300869036e+05   7.1931922329e+03   8.5723495950e+04   9.3730370831e+02   2.4908925954e+04   4.4927874185e+02   6.8450924297e+03  -1.4420694100e+02   2.5622980883e+03  -2.7980393850e+01   7.2019536452e+02  -2.8976112668e+01   2.2219984065e+02  -1.0178213208e+01   8.0276159164e+01  -5.5218954257e+00   2.6128445178e+01  -5.9624900147e+00   6.8049254870e+00
2aa9_0   2aa9    -7.1829524970e+00   1.8980486008e+05   2.2864817486e+06   7.2442188264e+04   7.3258063930e+05   7.6238285466e+03   2.5815120277e+05   2.8913607019e+03   8.7087363930e+04   1.6772422803e+03   2.4238407674e+04   9.2153422984e+02   7.2188853788e+03   9.7106697149e+02   2.4262463172e+03   4.5625924949e+01   7.3487679313e+02   1.0417503014e+01   2.4805604951e+02  -1.2760340324e+01   7.0484053511e+01  -5.4210472939e+00   2.1672720167e+01  -8.2751903945e+00   7.8509400741e+00
2ael_0   2ael    -6.3460691150e+00  -2.7285249361e+05   1.9940171625e+06   2.4779461155e+04   6.8904688589e+05   9.7447319148e+02   2.1949562028e+05  -5.9582075136e+03   7.3312914354e+04  -1.4622666290e+03   2.1311962444e+04  -6.3958851871e+02   6.7183504086e+03  -1.9549045905e+02   2.1620593134e+03  -4.0733814667e+01   7.2851283496e+02   8.8226853810e+00   2.0711052615e+02   1.1811895816e+00   7.1732253670e+01  -6.1094446393e+00   2.0783110684e+01  -5.6116566149e+00   6.8273802942e+00
2bjm_0   2bjm    -5.0004681310e+00   7.9743817714e+04   2.4767012662e+06   1.2699941340e+04   7.6159252825e+05  -4.2205153894e+04   2.3386909407e+05  -7.4693375926e+03   7.3878685908e+04  -5.4698352002e+02   2.0542096230e+04  -1.0630736944e+03   7.1215134215e+03  -3.5571649650e+01   2.1100214840e+03   7.7310449884e+01   7.5920978110e+02  -4.1216330555e+00   2.4674047847e+02   6.6222958073e+00   7.6183370956e+01  -4.6233191336e+00   2.3417214085e+01  -5.0023000620e+00   7.7349973561e+00
2gtv_0   2gtv    -6.7330209490e+00   1.1065887881e+05   2.7627584727e+06   1.8778476404e+04   8.1817727915e+05   4.6610861074e+03   2.3132138990e+05  -3.2191673836e+03   8.1584408265e+04   9.3557052085e+02   2.6205452014e+04  -8.3272482954e+02   8.6839095279e+03  -1.8232894599e+02   2.4096368556e+03  -1.1119205341e+02   8.2382842294e+02   1.6202337705e+01   2.7622087378e+02  -1.3768355427e+01   8.2322990228e+01  -1.3288969427e+01   2.6565519361e+01  -6.1715445266e+00   7.4326462537e+00
2os9_0   2os9    -4.0213171380e+00   3.0403555260e+05   1.8920054221e+06  -1.0602265424e+05   7.0217616937e+05   1.9541430390e+04   1.7954402983e+05  -1.0121525448e+04   7.0113176260e+04  -1.1020639133e+03   2.1265640584e+04   1.1829581591e+03   6.2369105123e+03   3.9120800259e+02   2.0540032589e+03   3.5677922449e+01   6.1028341053e+02   2.5371429048e+01   2.0364492178e+02  -9.7751068194e+00   7.1097829465e+01  -2.3077803029e+00   2.2756353077e+01  -4.6934105201e+00   7.3718243351e+00
2q9y_0   2q9y    -6.0637588780e+00  -9.7005354480e+04   2.6107788716e+06   2.1556745440e+04   9.2304707362e+05   3.5568629976e+03   2.8167516582e+05   3.1329136706e+03   8.5737329989e+04   2.5530372183e+03   2.6622300634e+04  -2.6550724800e+02   1.0353410556e+04   2.8383048163e+02   2.9469655558e+03   8.0136841894e+01   9.3501352034e+02  -3.9171229202e+01   2.9146811646e+02   3.3875419477e+00   9.3994746061e+01  -3.9260639396e+00   2.5160606396e+01  -5.4627029814e+00   8.9917334199e+00
2ybs_0   2ybs    -8.4316525800e+00  -1.4622044558e+05   2.8882117768e+06   1.5391625850e+03   9.5913382625e+05   2.2356336547e+04   3.1565045291e+05   9.1926485389e+03   1.0129500150e+05   1.4079489746e+03   2.9254790154e+04   1.3502303777e+02   9.5050864298e+03   5.1157916419e+01   3.2721801388e+03   1.3138561179e+02   8.9547090001e+02  -3.2399718726e+01   3.1298251461e+02   4.3702251335e+00   1.0299375313e+02  -3.3435705975e+00   3.3643393589e+01  -9.0612447650e+00   9.1300041571e+00
3b9s_0   3b9s    -5.8839061510e+00   7.0640172660e+04   2.2478655344e+06  -2.6784398800e+04   7.5277217442e+05   2.9021337601e+04   2.1497604026e+05  -6.3752755825e+03   7.9851804586e+04  -2.4812360647e+03   2.4087636168e+04   7.1914639108e+02   6.9186332206e+03  -1.2202206825e+02   1.7775338081e+03  -4.8868282778e+01   7.5866495910e+02   1.1970242158e+01   2.1908351548e+02   7.1601114475e+00   7.0860144727e+01  -5.0924671185e+00   2.3063677823e+01  -5.6034998494e+00   7.3014038622e+00
4gui_0   4gui    -9.0453795210e+00   3.1348496331e+05   2.7402256917e+06  -1.4815896480e+05   8.4412134562e+05  -3.6050770781e+04   3.3829121426e+05   3.7916752705e+03   8.6962526717e+04  -5.0082954853e+03   2.8483080641e+04  -1.9891367315e+02   8.8694582825e+03  -1.3844839487e+02   2.9004955607e+03  -7.1434266426e+01   8.4832448301e+02  -5.2962463520e+01   2.9405698041e+02   3.0279288690e-01   7.7355328963e+01  -9.0304542308e+00   2.9463332979e+01  -9.3417007995e+00   1.0360955817e+01
4lm3_0   4lm3    -6.4512816770e+00  -3.0991835391e+05   3.1875439158e+06  -1.9074736782e+05   7.8849149221e+05  -4.0031120713e+04   3.1223686201e+05   2.0550538467e+03   9.6441590457e+04   5.9327227748e+02   2.9369172514e+04  -8.4762669793e+02   8.2740035113e+03  -2.3040953811e+01   2.7925363534e+03   2.5990343479e+01   9.2452264894e+02   1.6896121439e+01   2.8673228403e+02  -2.7278607664e+00   9.3583943475e+01  -1.7443651244e+00   2.5303319590e+01  -4.9305373586e+00   9.7823387945e+00
4pnc_0   4pnc    -5.2612789390e+00   2.9780396227e+04   3.2147700204e+06  -2.2335297170e+04   1.0393148618e+06   7.5567755425e+03   2.4805513800e+05  -1.9934252724e+04   8.5249469026e+04   1.4901365762e+03   3.3045286326e+04   1.4141965658e+02   8.4445284368e+03  -2.7699863295e+02   2.9279963684e+03  -6.2318457144e+01   9.3468738021e+02   6.6941863658e+00   2.5607615650e+02  -1.8435576619e+01   9.3752957329e+01  -8.7929568118e+00   2.8534746957e+01  -4.3782948683e+00   8.8040271702e+00
6cjw_0   6cjw    -6.4709056050e+00   1.3781018622e+05   2.3085917553e+06   9.1089171865e+04   8.1111371273e+05  -3.0553526651e+04   2.4771734801e+05   4.1880851713e+03   7.0892856751e+04  -4.1336333417e+03   2.5290686316e+04   8.8736315027e+01   8.0434697082e+03  -7.1059637727e+01   2.6422958570e+03  -7.2096239225e+01   7.9260014985e+02  -1.4049143464e+01   2.6541626824e+02  -1.5556565061e+01   8.0571462858e+01  -3.1064678077e+00   2.6262625570e+01  -5.8356438285e+00   9.5539595230e+00
6o4x_0   6o4x    -9.7084400820e+00  -5.4709777519e+04   2.8208164268e+06  -3.7271035935e+04   7.7163582042e+05  -2.4927142382e+04   2.8079138114e+05  -5.8471074723e+02   7.4696676288e+04   1.7411386695e+03   2.7504707036e+04  -4.0522848336e+02   9.6612260827e+03  -2.6909687945e+02   2.5976821891e+03  -1.3444585889e+01   8.8778490549e+02  -2.0050449590e+00   2.7220342972e+02  -5.8352320312e+00   8.9453895485e+01  -1.2298874928e+01   2.8046762911e+01  -9.0366137119e+00   8.9424839371e+00

map_3    occ                 col08              col09              col10              col11              col12              col13              col14              col15              col16              col17              col18              col19              col20              col21              col22              col23              col24              col25              col26              col27              col28              col29              col30              col31              col32
1ecq_0   1ecq    -8.2145053130e+00  -1.1078417112e+01   9.0692330108e+01  -8.0262001528e+00   2.6587023831e+01  -7.3874954928e+00   9.5915111998e+00  -8.1491931918e+00   2.3369102392e+00  -8.1571741739e+00   9.2225645354e-01  -8.2060299934e+00   3.1033928034e-01  -8.2168679636e+00   8.8143914027e-02  -8.2119514864e+00   2.7965231884e-02  -8.2158451883e+00   7.8933487833e-03  -8.2142322125e+00   2.9090150609e-03  -8.2144849487e+00   8.5229788974e-04  -8.2145562153e+00   3.1341509569e-04
1h0r_0   1h0r    -7.9875400030e+00  -2.0852027403e+01   8.2782084783e+01  -4.9248506932e+00   2.7181295298e+01  -8.4068249174e+00   8.2761765879e+00  -7.7780157896e+00   2.7919044596e+00  -8.0723018145e+00   7.3298238078e-01  -7.9894218165e+00   2.4975189604e-01  -7.9842912747e+00   8.3471833106e-02  -7.9898806764e+00   2.4343775859e-02  -7.9876609330e+00   8.1986349895e-03  -7.9869652656e+00   2.6361218766e-03  -7.9875830085e+00   8.3126329319e-04  -7.9875139776e+00   2.4755123197e-04
1we2_0   1we2    -5.1784841040e+00  -1.3290036666e+01   7.4871234417e+01  -4.1713253768e+00   2.4867666302e+01  -5.2015457374e+00   8.3436280642e+00  -5.0336256390e+00   2.5950690885e+00  -5.2050768128e+00   6.4325514907e-01  -5.1461078530e+00   2.5912758121e-01  -5.1792405935e+00   7.8450566921e-02  -5.1779340762e+00   2.0772044879e-02  -5.1781220613e+00   6.1062979450e-03  -5.1782562828e+00   2.2335818444e-03  -5.1785204810e+00   6.4623866724e-04  -5.1784574772e+00   2.4481179091e-04
2aa9_0   2aa9    -7.1596311570e+00  -1.1198201777e+01   7.6598746683e+01  -6.4789595995e+00   2.4762194779e+01  -8.8175840599e+00   7.3585188219e+00  -7.1581505340e+00   2.4631783825e+00  -7.1080485795e+00   6.8484711695e-01  -7.1696276910e+00   2.3793031857e-01  -7.1624441446e+00   8.1044858060e-02  -7.1575248445e+00   2.2960402600e-02  -7.1595461759e+00   7.5700659265e-03  -7.1598281119e+00   2.5934258987e-03  -7.1596836498e+00   8.3744022881e-04  -7.1596342048e+00   2.1962842523e-04
2ael_0   2ael    -6.3367323080e+00  -7.9739421375e+00   8.2526540141e+01  -6.1133556387e+00   2.3318422405e+01  -7.1411081809e+00   7.4883988250e+00  -6.3475532726e+00   2.2013978151e+00  -6.3671435749e+00   7.8730069643e-01  -6.3781279263e+00   2.4150299176e-01  -6.3463093376e+00   7.2798043944e-02  -6.3377515553e+00   2.6075468309e-02  -6.3345131533e+00   7.3458377413e-03  -6.3365277774e+00   2.3812994784e-03  -6.3367385296e+00   7.9073167464e-04  -6.3367233061e+00   2.5009652835e-04
2bjm_0   2bjm    -5.0004681310e+00   7.9225407549e-01   6.7553169344e+01  -1.4172545128e+00   2.1808191642e+01  -4.7385596537e+00   5.9539161145e+00  -4.8985949770e+00   2.1190638150e+00  -4.9194400620e+00   7.1086093083e-01  -4.9952358897e+00   2.2836568499e-01  -4.9980108916e+00   7.6165814384e-02  -5.0017229981e+00   2.3326060621e-02  -5.0010459070e+00   7.2633202305e-03  -5.0004576220e+00   2.1861653313e-03  -5.0005155965e+00   6.6361973429e-04  -5.0004985563e+00   2.4918327036e-04
2gtv_0   2gtv    -6.7330209490e+00  -9.2423187628e+00   8.3644373693e+01  -9.7044347009e+00   2.8229539158e+01  -7.3883536300e+00   8.3549055314e+00  -6.9158950971e+00   2.5494807376e+00  -6.8153188639e+00   9.4466193996e-01  -6.6893889700e+00   2.6112970072e-01  -6.7236317610e+00   8.9859831527e-02  -6.7301331711e+00   2.6108549556e-02  -6.7344139007e+00   8.4980594810e-03  -6.7330468022e+00   2.6385158031e-03  -6.7331649534e+00   7.9669602449e-04  -6.7330276776e+00   2.8793492552e-04
2os9_0   2os9    -3.4894022410e+00  -2.2860952996e+00   6.7712414806e+01  -2.8136557533e+00   2.0293885858e+01  -2.5041536204e+00   6.7021701872e+00  -3.4993084897e+00   2.4621831745e+00  -3.5938649083e+00   7.8352544968e-01  -3.4789525696e+00   2.3550416066e-01  -3.4951244956e+00   6.9176606337e-02  -3.4875648093e+00   1.9832666636e-02  -3.4895964068e+00   6.9365131051e-03  -3.4893989963e+00   2.0139857320e-03  -3.4894237705e+00   7.0837439750e-04  -3.4893883289e+00   2.2207499863e-04
2q9y_0   2q9y    -6.0314811750e+00  -2.5246913911e+00   8.0394718153e+01  -7.9948560719e-01   2.5287224372e+01  -5.7626081002e+00   8.4100121167e+00  -6.5794509607e+00   2.5019218237e+00  -6.0746073584e+00   9.3139442786e-01  -6.0401600483e+00   2.5766177951e-01  -6.0310920932e+00   7.9546926197e-02  -6.0272175230e+00   2.6974013940e-02  -6.0312545645e+00   9.1670453843e-03  -6.0316255660e+00   2.4373536961e-03  -6.0315136366e+00   8.1539109644e-04  -6.0314768399e+00   3.0308118044e-04
2ybs_0   2ybs    -8.0937320530e+00  -5.7730424525e-01   9.3446656795e+01  -9.9411791032e+00   3.1588681497e+01  -8.4759809288e+00   8.0221410700e+00  -8.3064844024e+00   2.5321425324e+00  -8.0583128534e+00   8.9814552642e-01  -8.0958399386e+00   3.0589937625e-01  -8.0946509227e+00   9.2995080106e-02  -8.0922698776e+00   2.9811775759e-02  -8.0938346238e+00   9.6395941717e-03  -8.0933419235e+00   3.2675529813e-03  -8.0936388182e+00   9.5521369963e-04  -8.0937201626e+00   3.1592581041e-04
3b9s_0   3b9s    -5.8603955880e+00  -5.4983485170e+00   5.5318770954e+01  -5.2476885111e+00   1.9493028765e+01  -6.6610875122e+00   5.9273277482e+00  -5.9288368626e+00   2.0771338568e+00  -5.8746943014e+00   6.3412405612e-01  -5.8576397180e+00   2.0352005464e-01  -5.8515710775e+00   6.0591936695e-02  -5.8598134577e+00   2.0084845115e-02  -5.8602851554e+00   6.6165439421e-03  -5.8604871101e+00   2.0264585480e-03  -5.8603738224e+00   6.6346988381e-04  -5.8604071148e+00   2.0430815680e-04
4gui_0   4gui    -8.9668463330e+00  -3.1322129668e+01   9.0922865433e+01  -1.3542877648e+01   2.7640524682e+01  -9.4033990722e+00   8.9165661740e+00  -8.6657516515e+00   2.7733930783e+00  -8.8994507931e+00   8.3808324044e-01  -8.9572401223e+00   2.6239146682e-01  -8.9587777234e+00   8.5909595890e-02  -8.9648424652e+00   2.8296307994e-02  -8.9660594888e+00   8.9882712609e-03  -8.9666896558e+00   2.6329892310e-03  -8.9668764077e+00   8.2361929050e-04  -8.9668987880e+00   2.5679736532e-04
4lm3_0   4lm3    -6.4820235040e+00  -6.0505955291e+00   7.9036966658e+01  -7.4656541609e+00   2.2271015757e+01  -6.8030163602e+00   6.4146051605e+00  -6.2835434570e+00   2.5984948263e+00  -6.5172623478e+00   7.1525647638e-01  -6.4656351535e+00   2.2601435227e-01  -6.4778886830e+00   8.4398571970e-02  -6.4763172750e+00   2.6133525893e-02  -6.4815691558e+00   7.2006992247e-03  -6.4822353615e+00   2.5882810341e-03  -6.4820969462e+00   7.7780878553e-04  -6.4819880033e+00   2.6164400212e-04
4pnc_0   4pnc    -5.2603170560e+00   8.1674448141e+00   6.7639714563e+01  -8.4490808422e-01   2.4185874096e+01  -6.3640354477e+00   8.0265593673e+00  -5.5859689808e+00   2.1247858926e+00  -5.2754746477e+00   8.1136944748e-01  -5.2234959024e+00   2.2818541397e-01  -5.2450923163e+00   7.3279974580e-02  -5.2646781306e+00   2.4370221274e-02  -5.2613944329e+00   7.5163440861e-03  -5.2601640774e+00   2.4300755813e-03  -5.2602542066e+00   7.3171770006e-04  -5.2603513646e+00   2.3475398736e-04
6cjw_0   6cjw    -6.4646852420e+00   4.5814483111e+00   7.2936335354e+01  -6.8435384147e+00   2.4242979193e+01  -5.7859874295e+00   7.3665688115e+00  -6.1935454355e+00   2.5814727771e+00  -6.4133117842e+00   6.8621498513e-01  -6.5045370103e+00   2.2739005013e-01  -6.4657270844e+00   8.3499207231e-02  -6.4668082967e+00   2.4539073476e-02  -6.4650556006e+00   7.5762986513e-03  -6.4645133442e+00   2.5380891863e-03  -6.4646903358e+00   6.9162538880e-04  -6.4646969565e+00   2.0545502307e-04
6o4x_0   6o4x    -8.2654151400e+00  -4.7636963727e+00   9.2576826262e+01  -2.5117671783e+00   2.7099847557e+01  -8.9037815838e+00   7.4138578446e+00  -8.2657710674e+00   2.7990946747e+00  -8.1654302992e+00   8.4279086097e-01  -8.2674188732e+00   2.8260460693e-01  -8.2690917968e+00   9.0072697006e-02  -8.2687948669e+00   2.5749754831e-02  -8.2639038727e+00   8.1818528706e-03  -8.2650089725e+00   2.4268442910e-03  -8.2653343060e+00   8.7299973912e-04  -8.2653966402e+00   2.4750409964e-04

map_6      occ                 col08              col09              col10              col11              col12              col13              col14              col15              col16              col17              col18              col19              col20              col21              col22              col23              col24              col25              col26              col27              col28              col29              col30              col31              col32
1ecq_0   1ecq    -7.8244019020e+00   2.4627241878e+03   3.9234344545e+04  -8.3263532064e+02   1.5210354550e+04   7.8455356269e+02   4.4468228068e+03   1.3673982871e+02   1.4395639890e+03   6.3004693805e+01   3.8341086722e+02   4.9430392627e-01   1.3667492837e+02  -1.0583498561e+01   4.5403578258e+01  -5.9281406651e+00   1.4962327098e+01  -7.9344434882e+00   4.5727821501e+00  -7.8619646359e+00   1.3588532536e+00  -7.8406345477e+00   4.6784546337e-01  -7.8299143815e+00   1.3129491087e-01
1h0r_0   1h0r    -8.1316216790e+00  -3.6446915951e+03   4.3457993632e+04  -2.0690633824e+03   1.4267124553e+04   4.7661351628e+02   4.1460832040e+03  -3.8353370016e+01   1.5569891376e+03   2.1419572143e+00   3.9960429435e+02  -8.2207420731e+00   1.4423873118e+02  -1.3367607327e+01   3.7816143504e+01  -9.2835453567e+00   1.4772998176e+01  -7.9262964107e+00   4.6526117190e+00  -7.9161125817e+00   1.2267899419e+00  -8.1257563524e+00   4.3500326736e-01  -8.0958403913e+00   1.3791433896e-01
1we2_0   1we2    -5.7282632830e+00  -3.8030168758e+03   3.8761750483e+04  -3.4660406970e+02   1.2975767026e+04  -6.4843844706e+02   3.7347589040e+03   5.9548504752e+01   1.0462454924e+03  -2.4912167509e+01   3.9537697254e+02   6.9142697959e+00   1.2871153423e+02  -3.1603551633e-01   3.5295709277e+01  -4.7775856827e+00   1.1506913543e+01  -5.7524746170e+00   3.9756217512e+00  -5.5848065350e+00   1.1265060738e+00  -5.7908314938e+00   4.0380347279e-01  -5.7263044987e+00   1.3308591646e-01
2aa9_0   2aa9    -7.1829524970e+00   2.0547645066e+02   4.0050208834e+04  -1.6900438067e+03   1.2884093041e+04  -2.5427710770e+02   4.3027596627e+03   5.3988937412e+01   1.3024900811e+03  -3.5100514684e+01   3.3514655744e+02  -7.1736965838e+00   1.3678799347e+02  -8.7649062177e+00   3.7305879700e+01  -7.1669158609e+00   1.1420422954e+01  -7.6021221751e+00   4.2725750853e+00  -7.0209364007e+00   1.2298401127e+00  -7.2032603608e+00   4.3128689287e-01  -7.1740549691e+00   1.2435113426e-01
2ael_0   2ael    -6.3460691150e+00   1.1950613699e+03   3.1164784757e+04   9.2847075661e+02   1.2315396794e+04   1.0158021644e+02   3.4986237762e+03   5.7822584743e+01   1.0772024062e+03   1.0116654135e+01   3.4148575385e+02   5.2748170311e+00   1.1389746308e+02  -5.6761737958e+00   3.6459399046e+01  -5.6249286450e+00   1.0474704694e+01  -6.1990108469e+00   3.9560437588e+00  -6.2857453216e+00   1.1784123371e+00  -6.3781982063e+00   3.2662738544e-01  -6.3651054062e+00   1.1997412198e-01
2bjm_0   2bjm    -5.0004681310e+00   7.6876868913e+03   3.6377555380e+04  -1.1863714338e+03   1.0305309963e+04   6.7528262015e+02   3.4825832838e+03  -1.9314126943e+02   1.0426318789e+03  -2.1193339294e+01   3.9322990027e+02  -9.5355790367e+00   1.1457782229e+02  -2.1889502052e+00   3.8221679886e+01  -5.0738401299e+00   1.2077530122e+01  -5.1875827793e+00   3.9593419695e+00  -5.0034157454e+00   1.1304744426e+00  -4.9922722961e+00   3.5532922964e-01  -4.9877586573e+00   1.1784303016e-01
2gtv_0   2gtv    -6.7330209490e+00   3.7264026196e+03   4.2819983896e+04  -7.1190975420e+02   1.3812855162e+04   1.2736510446e+02   4.7313166219e+03  -6.6797157406e+01   1.3289965286e+03   8.9617202105e+01   4.3410912530e+02  -1.3155313606e+01   1.4371351592e+02  -2.7828441056e+00   4.2118973965e+01  -7.2815186401e+00   1.2781070194e+01  -6.7590608636e+00   4.7925731371e+00  -6.8941019681e+00   1.1982796076e+00  -6.7410615269e+00   4.7300216316e-01  -6.7414310003e+00   1.3566980926e-01
2os9_0   2os9    -4.0213171380e+00   6.6868436011e+03   3.2213014222e+04   7.2234421617e+02   9.2359968414e+03   4.8046209578e+02   3.0146920330e+03   2.2846715637e+02   1.0814921676e+03   2.0927343863e+01   3.2036797959e+02   5.9438609788e-01   1.0916492697e+02  -2.8490906958e+00   3.4395029287e+01  -3.3389886709e+00   1.0783429138e+01  -4.1933481033e+00   3.4576171309e+00  -3.9839795629e+00   9.6198025811e-01  -4.0335374490e+00   3.3711413653e-01  -4.0193658290e+00   9.3704815871e-02
2q9y_0   2q9y    -6.0637588780e+00   2.2156931440e+02   4.6537548458e+04   3.2072158259e+03   1.3238860178e+04  -5.8992829958e+02   4.8411407071e+03   3.9882476591e+00   1.3226888599e+03  -1.0479120724e+02   3.7888163294e+02  -1.1522158272e+01   1.3122866635e+02  -9.0473398147e+00   4.5567986316e+01  -6.1577159049e+00   1.4095809657e+01  -5.7620501634e+00   4.0202662906e+00  -6.0357897455e+00   1.1129048010e+00  -6.1414652026e+00   4.3731376393e-01  -6.0674909131e+00   1.3226657811e-01
2ybs_0   2ybs    -8.4316525800e+00   9.9907413321e+03   5.1117246668e+04   1.9919428370e+03   1.5426527242e+04   3.3633427341e+02   4.6411810014e+03  -1.1771699570e+02   1.5894049276e+03  -1.0793103353e+02   5.3527352124e+02   4.0521453974e-01   1.5632504501e+02  -9.1524498746e+00   4.8722497899e+01  -7.6778226594e+00   1.6435394489e+01  -8.4920314659e+00   5.1991650177e+00  -8.6256038922e+00   1.3114895436e+00  -8.4155065822e+00   4.6410679826e-01  -8.4401920490e+00   1.5491601862e-01
3b9s_0   3b9s    -5.8839061510e+00  -2.5538150900e+03   3.3710548586e+04  -2.9704901836e+03   1.0295646246e+04  -6.9938690447e+02   3.5331301112e+03  -9.3639886634e+00   1.0428191548e+03  -5.5529796887e+01   3.4089153343e+02  -2.1676065624e+01   1.1727911928e+02  -7.9925899600e+00   3.2141239580e+01  -5.4180128014e+00   1.1185366814e+01  -5.8249807094e+00   3.3309468799e+00  -5.9721840001e+00   1.0290158965e+00  -5.8935374364e+00   3.5362285680e-01  -5.8904799871e+00   1.1068131970e-01
4gui_0   4gui    -9.0453795210e+00   5.9816138987e+03   5.0719441212e+04  -2.2217423052e+03   1.6325100133e+04   6.2929019689e+02   5.1341000127e+03  -9.1799462282e+01   1.4797741731e+03   1.6455541909e+01   4.2732193263e+02  -1.7991229722e+01   1.4120616824e+02  -1.4037260861e+01   4.8580274045e+01  -7.9043731680e+00   1.5513708696e+01  -9.0655130714e+00   4.8301719604e+00  -9.1471735760e+00   1.3458334697e+00  -9.0722541061e+00   5.1222012990e-01  -9.0321615717e+00   1.6011398746e-01
4lm3_0   4lm3    -6.4512816770e+00  -2.4608864658e+03   4.4597113726e+04   7.8300933002e+01   1.3629520240e+04   6.5716854484e+02   4.5914606720e+03   4.5694187330e+01   1.3813720185e+03   1.1980042749e+01   4.2613545520e+02  -2.1812402765e-01   1.3184755870e+02  -8.9699870970e+00   4.1852206967e+01  -7.8304512473e+00   1.4471420935e+01  -6.3058062410e+00   4.1771618649e+00  -6.5318030359e+00   1.2758906534e+00  -6.4974842460e+00   4.9177417094e-01  -6.4487586654e+00   1.2216099517e-01
4pnc_0   4pnc    -5.2612789390e+00   5.2257801767e+03   4.0217007778e+04  -3.2324413464e+01   1.3097782829e+04  -3.4479374362e+01   3.8935535458e+03  -3.6903705371e+01   1.3054177632e+03   3.8363691380e+01   4.1626620698e+02   1.3674304376e+01   1.2644004515e+02  -2.3387251881e+00   4.0898351224e+01  -5.8433434833e+00   1.4927743418e+01  -4.8233406903e+00   4.5701242638e+00  -5.3496653230e+00   1.3696152453e+00  -5.2909305061e+00   3.8281951777e-01  -5.2798164203e+00   1.1834073828e-01
6cjw_0   6cjw    -6.4709056050e+00   4.8901658567e+03   3.8434354815e+04   7.4158559145e+02   1.2940668397e+04   2.0151782376e+02   4.6146308058e+03  -5.5027800409e+01   1.2869029038e+03  -6.5657193886e+01   4.1279837043e+02  -4.8950022844e+00   1.3619026023e+02  -1.1090251306e+01   3.6997182630e+01  -7.0185003827e+00   1.3473594361e+01  -6.7368074836e+00   4.3430789582e+00  -6.2009978682e+00   1.2888844501e+00  -6.4252927034e+00   4.4135448870e-01  -6.4622131999e+00   1.1753039247e-01
6o4x_0   6o4x    -9.7084400820e+00  -1.6563580813e+03   4.2877387712e+04   1.4319482767e+03   1.4940184773e+04   9.2435467117e+02   3.6969804985e+03   6.3048468901e+01   1.4275079481e+03   4.7649681835e+01   4.6357727752e+02  -3.1349515388e+01   1.3543877875e+02  -1.6342964603e+01   3.9109683355e+01  -1.0115832965e+01   1.1764632818e+01  -9.4950668236e+00   4.1354426988e+00  -9.5774969796e+00   1.4238987765e+00  -9.7561119829e+00   4.2651221085e-01  -9.7085380474e+00   1.4174706429e-01
