1%     map_0  map_1  map_2  map_3  map_4  map_5  map_6  map_7  map_8  map_9
pro    100.0   75.0   75.0  100.0  100.0  100.0  100.0  100.0  100.0  100.0
s6       0.0    0.0    0.0    0.0    0.0    6.2    0.0    0.0    0.0    0.0
s7       0.0    0.0    0.0    6.2    0.0    0.0    6.2    0.0    0.0    0.0
s8       6.2    0.0   12.5    6.2    0.0    6.2    6.2    0.0    0.0    0.0
s9       0.0   18.8   25.0   37.5    6.2    6.2    6.2    0.0    0.0    0.0
s10      0.0   68.8   81.2   68.8   31.2    0.0    0.0    0.0    0.0    6.2
s11      0.0   62.5   68.8  100.0   87.5   12.5    6.2    6.2    0.0    6.2
s12      6.2   75.0   75.0  100.0   93.8   18.8    0.0    6.2   12.5    0.0
s13      6.2   75.0   75.0  100.0  100.0   81.2   18.8    0.0    6.2    0.0
s14      0.0   75.0   75.0  100.0  100.0  100.0   43.8   37.5    6.2    6.2
s15     12.5   75.0   75.0  100.0  100.0  100.0   68.8   25.0    6.2   12.5
s16     18.8   75.0   75.0  100.0  100.0  100.0  100.0   75.0   12.5    6.2
s17     43.8   75.0   75.0  100.0  100.0  100.0  100.0   93.8   31.2   25.0

10%    map_0  map_1  map_2  map_3  map_4  map_5  map_6  map_7  map_8  map_9
pro    100.0  100.0  100.0  100.0  100.0  100.0  100.0  100.0  100.0  100.0
s6       6.2    0.0   12.5   43.8    6.2   12.5   12.5   18.8    6.2    6.2
s7      12.5    6.2   12.5   25.0   12.5   18.8   25.0   25.0   12.5   18.8
s8      12.5   31.2   31.2   31.2   18.8   25.0   12.5   18.8    6.2   12.5
s9      12.5   75.0   50.0   81.2   37.5   12.5   18.8   18.8    6.2   18.8
s10     12.5  100.0  100.0  100.0   93.8   50.0   43.8   31.2   25.0   25.0
s11     31.2  100.0  100.0  100.0  100.0   68.8   68.8   37.5   12.5   31.2
s12     18.8  100.0  100.0  100.0  100.0   93.8   56.2   37.5   18.8   18.8
s13     12.5  100.0  100.0  100.0  100.0   93.8   87.5   37.5   50.0   18.8
s14     37.5  100.0  100.0  100.0  100.0  100.0   75.0   75.0   43.8   43.8
s15     37.5  100.0  100.0  100.0  100.0  100.0  100.0   75.0   62.5   56.2
s16     75.0  100.0  100.0  100.0  100.0  100.0  100.0   93.8   68.8   81.2
s17     87.5  100.0  100.0  100.0  100.0  100.0  100.0  100.0   75.0   87.5
