map_0    occ                 col08              col09              col10              col11              col12              col13              col14              col15              col16              col17              col18              col19              col20              col21              col22              col23              col24              col25              col26              col27              col28              col29              col30              col31              col32
1ecq_0   1ecq    -7.8244019020e+00   1.1851901528e+05   1.6547707675e+07   3.0814943973e+05   5.4912906074e+06   1.7777852292e+04   1.5242555192e+06  -4.3377959592e+04   5.3585885671e+05  -1.1520048285e+04   1.4101122578e+05   4.6601676808e+03   5.4289160374e+04   3.6985043908e+03   1.5797418635e+04   4.0076019826e+02   5.1037172374e+03  -9.2610758539e+01   1.5817258082e+03   1.4099140577e+01   4.6552388887e+02  -1.9057786545e+01   1.5418189361e+02  -1.0452931516e+01   5.0906392448e+01
1h0r_0   1h0r    -8.1316216790e+00   1.7867478197e+06   1.5929367700e+07   7.4820064952e+05   5.1064889036e+06  -1.4628997774e+05   1.3913158652e+06  -6.4099578033e+04   4.9398816348e+05  -1.6281739507e+04   1.4328610494e+05   6.1084441087e+02   4.7467264305e+04   1.9595039996e+03   1.3544548490e+04  -6.2622160930e+02   5.1353101173e+03   3.4877875800e+02   1.5450397296e+03   9.8131428741e+01   5.3314299621e+02  -1.2310915821e+01   1.4501160651e+02  -1.1551430743e+01   4.9848686206e+01
1we2_0   1we2    -5.7282632830e+00  -4.7323633111e+05   1.4387026000e+07  -9.4647266223e+03   4.2295358786e+06  -3.2180070516e+04   1.3804611766e+06  -4.1834091670e+04   3.7556351151e+05  -2.6094251298e+04   1.3312697676e+05   3.5151994675e+03   3.8365894857e+04   7.8292218619e+02   1.2730257012e+04  -1.8161863915e+02   4.4358988688e+03  -1.4903158539e+02   1.1260821413e+03  -2.2399789908e+01   4.0293247122e+02  -1.2122185240e+01   1.3048401180e+02  -1.7052427590e+00   4.0516827120e+01
2aa9_0   2aa9    -7.1829524970e+00   8.0983406968e+05   1.2681133236e+07  -1.7208973981e+05   4.9110761826e+06  -2.2574124692e+05   1.5995953944e+06  -3.4721635738e+04   4.2680609866e+05  -4.8691273440e+03   1.3214290882e+05   3.7302981835e+03   4.7882950154e+04  -1.6318156504e+02   1.5171533539e+04   1.8153442964e+02   4.2752711722e+03  -1.3002695823e+02   1.5413643998e+03   1.0505572469e+00   3.7215918135e+02  -4.4425776166e+00   1.3652521663e+02  -4.4278406610e+00   4.1860541788e+01
2ael_0   2ael    -6.3460691150e+00  -8.9094691793e+04   1.2757675585e+07   8.9094691793e+03   3.8690578952e+06   5.6129655829e+04   1.1963803696e+06  -3.3232320039e+04   3.6911894414e+05   1.7997127742e+03   1.4314731879e+05  -7.8848802236e+03   4.0687946507e+04  -2.6256205671e+02   1.2178106969e+04  -5.2138213637e+01   3.9173267862e+03  -1.0328925809e+02   1.3231139180e+03   3.6334953586e+01   3.7769812482e+02  -6.4504556875e-02   1.1239924449e+02  -6.1466169493e+00   4.5798754467e+01
2bjm_0   2bjm    -5.0004681310e+00  -2.1737574014e+06   1.1307481593e+07   1.2286454877e+05   4.2620738027e+06  -7.2773617351e+04   1.1503945030e+06   1.6917503254e+04   3.9151901466e+05   1.3458393650e+04   1.2673367168e+05  -4.5658356548e+03   4.2860884900e+04   2.6245757842e+03   1.3170395127e+04   4.0365729832e+01   4.2442080375e+03   7.3089284730e+01   1.3264394313e+03  -5.9160508881e+01   4.9267859659e+02   1.9120020411e+01   1.3679935987e+02   2.2203892238e-01   4.2442318726e+01
2gtv_0   2gtv    -6.7330209490e+00   2.1461115890e+05   1.2849543594e+07  -1.1159780263e+06   5.0628462342e+06   1.1803613740e+04   1.5560445200e+06   1.4164336488e+04   4.9215412832e+05  -1.0194030048e+04   1.4394958535e+05   4.0969270235e+03   4.4615139640e+04  -1.4918694711e+03   1.4404564637e+04  -9.8764055327e+01   4.6274214952e+03   1.0347798943e+02   1.5056222132e+03   5.5182108844e+01   4.6032399435e+02   6.1518288706e-01   1.5084443463e+02  -4.9208825729e+00   4.5845486396e+01
2os9_0   2os9    -4.0213171380e+00  -8.3155022935e+04   1.0734941983e+07   6.6524018348e+04   3.5273352498e+06   1.4635284037e+05   1.1980621269e+06  -3.5839814885e+04   3.3552558657e+05  -2.7233270011e+04   1.1223600105e+05   2.2884262312e+03   3.6203316458e+04  -7.1613105751e+02   1.1471724876e+04   3.8112441662e+02   3.8067015209e+03   1.1407538666e+02   1.1677351242e+03  -1.8020525020e+01   3.2492816849e+02  -4.2546267481e-01   1.1897336085e+02  -4.5351676810e+00   3.5779988262e+01
2q9y_0   2q9y    -6.0637588780e+00   9.1975447211e+05   1.7268993433e+07  -8.2777902490e+05   4.4544809700e+06  -3.4490792704e+04   1.7112495352e+06  -8.2777902490e+03   5.1307459735e+05  -1.5808279989e+04   1.4817079488e+05  -3.5295577867e+03   4.7028560173e+04  -1.6195726561e+03   1.4014715627e+04   1.4430947667e+02   5.5730250902e+03  -3.7851345606e+01   1.7697279622e+03  -4.6011062375e+01   4.9796975373e+02  -6.1086987866e+00   1.6209227241e+02  -1.1434529010e+01   4.8402763223e+01
2ybs_0   2ybs    -8.4316525800e+00   2.9551921632e+06   1.6888589079e+07  -8.6193104760e+04   5.6906484757e+06  -2.0440079129e+05   1.5572496494e+06   3.9033163156e+04   5.5192612226e+05  -2.3937056522e+04   1.9847289468e+05   5.8266538818e+03   5.4336665885e+04   4.2136114927e+02   1.7828933860e+04  -1.2198910117e+03   5.0436067449e+03  -3.5837245964e+02   1.6857079448e+03   9.0463603702e+01   5.7158502703e+02  -1.6009359519e+01   1.5394264277e+02  -5.4583876849e+00   5.1187739711e+01
3b9s_0   3b9s    -5.8839061510e+00  -1.4128034532e+06   1.0741044361e+07   6.5930827816e+04   3.8082950207e+06  -6.5930827816e+04   1.2821989647e+06  -3.7674758752e+03   3.8616743743e+05   9.7860185858e+03   1.2157264313e+05  -2.0184252001e+03   3.7838067039e+04   2.4469755809e+02   1.2298183844e+04  -2.6579542299e+01   4.1091293821e+03  -4.3866605353e+01   1.2172099398e+03  -1.9967057017e+01   4.5851929838e+02  -1.6428549488e+01   1.4245260020e+02  -3.0025869113e+00   4.5599960638e+01
4gui_0   4gui    -9.0453795210e+00   2.8661482360e+06   1.5475246457e+07   5.9711421583e+04   5.5221041495e+06   6.4488335310e+04   1.7486886142e+06  -3.9409538245e+04   5.5517903678e+05   1.1010786140e+04   1.7065771496e+05   2.4553336555e+03   4.8577080076e+04   2.9475946150e+03   2.0155720814e+04  -1.4330741186e-01   5.3539864503e+03   6.7981453472e+01   1.6921903674e+03  -2.6806487337e+01   5.3126963645e+02  -2.1214214149e+01   1.4014757694e+02  -5.8115442766e+00   5.1433658298e+01
4lm3_0   4lm3    -6.4512816770e+00   2.0070902920e+06   1.5293196923e+07  -1.7709620223e+05   5.7653461960e+06  -1.0153515595e+05   1.8418540151e+06   6.0212708759e+04   5.1635721261e+05   2.9752161975e+04   1.5169075292e+05  -4.7591652747e+03   4.7049148230e+04  -2.4798190878e+03   1.6548357030e+04   6.2421688722e+02   5.0405965058e+03  -2.8070928695e+01   1.6101700648e+03   6.6519694842e+00   5.4216562457e+02  -2.6091123025e+01   1.7396679935e+02  -1.0681670779e+01   5.4526126425e+01
4pnc_0   4pnc    -5.2612789390e+00   1.8626451492e-11   1.6327862628e+07  -6.1943224151e+05   4.6537103541e+06   1.4294590189e+04   1.5517964168e+06  -5.0507552000e+04   5.2565084339e+05  -7.3498017887e+03   1.5527429280e+05  -6.2419710491e+02   4.9984808371e+04  -6.9721863646e+02   1.8894757866e+04  -3.9545983757e+02   4.7345841251e+03   3.1088112986e+02   1.5831218131e+03  -1.5325230141e+01   4.7460212293e+02  -2.2867151222e+01   1.6477424850e+02  -1.6308366788e+01   4.7438171830e+01
6cjw_0   6cjw    -6.4709056050e+00   6.4535501838e+05   1.5726378366e+07  -5.4855176562e+05   4.4662736850e+06   1.4412928744e+05   1.7309146039e+06   7.7442602205e+03   4.5432043869e+05   6.1631404255e+03   1.5544378665e+05   5.4349648464e+03   5.4018540366e+04   1.2570440166e+03   1.3873154954e+04   4.3805623056e+02   4.8431854317e+03   1.1092577174e+01   1.3978967542e+03   3.0684802618e+01   4.7778395509e+02   1.2852417286e+01   1.5096305992e+02  -8.4656595718e+00   4.4637688955e+01
6o4x_0   6o4x    -9.7084400820e+00   1.8626451492e-11   1.5860212964e+07  -4.7050408666e+05   4.4214685971e+06   1.4552800820e+05   1.4564430363e+06   2.6151273654e+04   4.1406564164e+05   3.9391039814e+02   1.5175184297e+05  -1.2617168891e+04   4.3054879618e+04  -2.9367114377e+03   1.6147168412e+04  -2.4249561787e+02   4.2547779492e+03   9.2691493464e+01   1.3054266978e+03   1.7877951678e+01   4.9763552625e+02   3.9819307952e+00   1.5046336834e+02  -4.5870088985e+00   4.5735519958e+01

map_3    occ                 col08              col09              col10              col11              col12              col13              col14              col15              col16              col17              col18              col19              col20              col21              col22              col23              col24              col25              col26              col27              col28              col29              col30              col31              col32
1ecq_0   1ecq    -8.2145053130e+00  -1.0128838503e+02   4.9069375051e+02   6.8731404125e+00   1.8234198700e+02  -9.8394431169e+00   4.6672893928e+01  -6.3666984874e+00   1.6625930344e+01  -7.5861382943e+00   4.1685171267e+00  -8.5177743900e+00   1.7380409656e+00  -8.2649839031e+00   5.1888858817e-01  -8.2267421116e+00   1.5895774917e-01  -8.2129498169e+00   5.1415309086e-02  -8.2143945184e+00   1.7609559759e-02  -8.2147538864e+00   4.6962049088e-03  -8.2143893072e+00   1.5957770862e-03
1h0r_0   1h0r    -7.9875400030e+00  -4.0237078004e+01   4.6029563676e+02   1.5759522218e+01   1.5409738236e+02  -1.1366974536e+01   4.9590050657e+01  -1.1249616392e+01   1.3825256507e+01  -7.9860540569e+00   4.6173650684e+00  -8.0379263566e+00   1.3936580396e+00  -7.9693556696e+00   4.6761869654e-01  -7.9964721070e+00   1.4499539119e-01  -7.9918281447e+00   4.7766339577e-02  -7.9858821977e+00   1.6043521468e-02  -7.9876273615e+00   4.6305661192e-03  -7.9872852414e+00   1.6129588281e-03
1we2_0   1we2    -5.1784841040e+00   3.4146663550e+01   4.2295964400e+02  -2.1729694986e+00   1.2605669548e+02  -8.5677083089e+00   4.2421476285e+01  -2.3561197849e+00   1.3670283215e+01  -5.2154372209e+00   4.2403403043e+00  -5.2641738225e+00   1.3908740460e+00  -5.2034144911e+00   4.5285192599e-01  -5.1801534735e+00   1.2462164970e-01  -5.1846660172e+00   4.3087207929e-02  -5.1771298051e+00   1.4042813817e-02  -5.1785217528e+00   3.5122556446e-03  -5.1786310518e+00   1.3919714476e-03
2aa9_0   2aa9    -7.1596311570e+00  -6.3989724439e+00   4.0414406883e+02  -2.0156763198e+01   1.4726310757e+02  -2.7195632887e+00   4.0888470939e+01  -6.2166017293e+00   1.4358188208e+01  -7.0228722572e+00   3.7690988003e+00  -7.1862060289e+00   1.4425157536e+00  -7.2117059340e+00   4.5497883828e-01  -7.1836314023e+00   1.3845714895e-01  -7.1603744649e+00   4.1885272447e-02  -7.1599390053e+00   1.5565159150e-02  -7.1593779475e+00   5.4404112543e-03  -7.1593470232e+00   1.6355633701e-03
2ael_0   2ael    -6.3367323080e+00  -1.5750996815e+01   4.2329532038e+02  -6.6154186622e+00   1.4047468903e+02  -5.5443508788e+00   4.1828367372e+01  -5.2356313412e+00   1.2784162041e+01  -6.6733823305e+00   3.8885410215e+00  -6.2201946501e+00   1.4427883499e+00  -6.2514540784e+00   4.2623661168e-01  -6.3362139725e+00   1.2520895032e-01  -6.3300500719e+00   4.0262608333e-02  -6.3372872328e+00   1.3451128820e-02  -6.3367075996e+00   4.3416181392e-03  -6.3367010078e+00   1.3267275888e-03
2bjm_0   2bjm    -5.0004681310e+00  -1.4084516898e+01   3.5894660029e+02  -1.1267613518e+00   1.3404686469e+02  -8.4507101386e-02   4.1983240240e+01  -5.4281728123e+00   1.3743781346e+01  -4.5808482758e+00   3.7005269256e+00  -4.9358907777e+00   1.2207819714e+00  -4.9720344650e+00   4.0182239666e-01  -5.0015043448e+00   1.2271170638e-01  -5.0061261508e+00   3.8696334807e-02  -5.0022369481e+00   1.3420968526e-02  -5.0004523246e+00   4.2365437697e-03  -5.0005540071e+00   1.3732602608e-03
2gtv_0   2gtv    -6.7330209490e+00  -3.1687950044e+01   4.6970444032e+02  -1.1266826682e+01   1.5617149199e+02  -3.6969275051e+00   5.0870983143e+01  -9.3831540963e+00   1.4755274786e+01  -6.4928609640e+00   5.2841554066e+00  -6.6827069936e+00   1.7118962846e+00  -6.6831717502e+00   4.9249668195e-01  -6.7409480374e+00   1.5252648553e-01  -6.7317969095e+00   4.9125874591e-02  -6.7334368313e+00   1.5746510737e-02  -6.7326648946e+00   4.1281479186e-03  -6.7330592275e+00   1.5218898553e-03
2os9_0   2os9    -3.4894022410e+00  -1.1254623013e+01   3.5974626913e+02  -4.2204836299e+00   1.2667765041e+02  -5.9086770819e+00   4.1963517246e+01  -4.4990355495e+00   1.3621368593e+01  -3.7629832045e+00   3.8052756070e+00  -3.3084933906e+00   1.2062476338e+00  -3.5601889660e+00   3.6948060023e-01  -3.4882378797e+00   1.2626029131e-01  -3.4919706443e+00   4.0549089496e-02  -3.4932136161e+00   1.3588638551e-02  -3.4886690826e+00   3.5193498354e-03  -3.4893578464e+00   1.1831565430e-03
2q9y_0   2q9y    -6.0314811750e+00  -7.4057614140e+01   4.6531182683e+02   3.3662551882e+00   1.5741944931e+02  -2.1207407685e+00   4.5590999116e+01  -8.2675227421e+00   1.6313849734e+01  -5.6112107731e+00   4.2749518362e+00  -6.2000361307e+00   1.5125475371e+00  -5.9806236175e+00   4.4452327675e-01  -6.0537299279e+00   1.3145687684e-01  -6.0338486565e+00   4.1940172346e-02  -6.0290644100e+00   1.4614775853e-02  -6.0317093057e+00   4.3892410439e-03  -6.0316476962e+00   1.6235338055e-03
2ybs_0   2ybs    -8.0937320530e+00  -6.2810701883e+01   5.1735789703e+02  -3.1774825659e+01   1.5175065156e+02  -1.2672982792e+01   5.1032046431e+01  -6.4842812826e+00   1.7884400217e+01  -8.1727807392e+00   4.8424443658e+00  -8.0555464115e+00   1.8599187948e+00  -8.1921596881e+00   5.1045426886e-01  -8.0927340417e+00   1.4554410417e-01  -8.0981180642e+00   5.3697304377e-02  -8.0932977604e+00   1.5226040212e-02  -8.0935075474e+00   4.8574338281e-03  -8.0937949749e+00   1.8789550039e-03
3b9s_0   3b9s    -5.8603955880e+00   1.2937290628e+01   3.5916003573e+02  -1.0349832503e+00   1.1773774525e+02  -1.0375707084e+01   3.5759373291e+01  -4.4659527249e+00   1.2720034143e+01  -5.8034098300e+00   3.4805895868e+00  -5.7140390263e+00   1.1820014284e+00  -5.8610609845e+00   3.6815270026e-01  -5.8737493617e+00   1.0935204402e-01  -5.8539716597e+00   3.6844353672e-02  -5.8607043784e+00   1.0631962140e-02  -5.8606669255e+00   3.4554812338e-03  -5.8603598847e+00   1.1618395351e-03
4gui_0   4gui    -8.9668463330e+00  -1.1176817493e+02   5.5830315034e+02   1.0455732493e+01   1.4323903567e+02  -1.0383623993e+01   5.8366281193e+01  -8.4114565197e+00   1.6084737762e+01  -9.0705282093e+00   4.9262233500e+00  -8.9091854406e+00   1.3964902229e+00  -8.9868715330e+00   4.9898619225e-01  -8.9930944966e+00   1.7076945699e-01  -8.9659154689e+00   4.9926109730e-02  -8.9695393141e+00   1.6285675672e-02  -8.9672127740e+00   5.5361264368e-03  -8.9671304286e+00   1.7216095755e-03
4lm3_0   4lm3    -6.4820235040e+00  -8.4317976406e+01   4.3001392409e+02  -1.4052996068e+01   1.2821370583e+02  -4.7155609027e+00   4.2009459967e+01  -5.1090447926e+00   1.2640384242e+01  -6.5255867962e+00   3.7279676084e+00  -6.7168324583e+00   1.3435972101e+00  -6.4041158211e+00   4.2078149394e-01  -6.4742868025e+00   1.1884756808e-01  -6.4847851713e+00   4.3179997158e-02  -6.4836443709e+00   1.3478700715e-02  -6.4824149902e+00   4.6320707919e-03  -6.4822380006e+00   1.4255345113e-03
4pnc_0   4pnc    -5.2603170560e+00  -6.0082352656e+01   4.3334415917e+02  -6.6090587921e+00   1.2445618234e+02  -3.3045293961e+00   4.5464559223e+01  -6.2335440880e+00   1.1278542382e+01  -5.7456753845e+00   4.3278752661e+00  -5.3737656215e+00   1.1615618586e+00  -5.3141098536e+00   3.8321251936e-01  -5.2792362536e+00   1.4491345065e-01  -5.2568779279e+00   4.2809865651e-02  -5.2602247853e+00   1.4020060666e-02  -5.2600127343e+00   4.4890613406e-03  -5.2601955276e+00   1.3010693323e-03
6cjw_0   6cjw    -6.4646852420e+00   2.1380092118e+01   4.1013346746e+02  -1.5271494370e+01   1.2450215994e+02   2.4434390992e-01   3.9060302226e+01  -6.3865389457e+00   1.2343045792e+01  -6.4873308085e+00   3.9053474491e+00  -6.4752052420e+00   1.3542965237e+00  -6.4982957415e+00   4.5849265570e-01  -6.4626447433e+00   1.3415762470e-01  -6.4688782618e+00   4.5117554223e-02  -6.4659840327e+00   1.3895351419e-02  -6.4650438911e+00   4.4990408984e-03  -6.4648567727e+00   1.2549626984e-03
6o4x_0   6o4x    -8.2654151400e+00   4.5474735089e-15   4.9487949786e+02   1.2125772585e+01   1.5714213153e+02  -9.8045532616e+00   5.0258700326e+01  -4.9577087340e+00   1.4061402586e+01  -8.3338702723e+00   4.9193979992e+00  -8.1791800592e+00   1.2266141388e+00  -8.3105160343e+00   4.9517815840e-01  -8.2740919457e+00   1.6209608034e-01  -8.2596649440e+00   4.5746154294e-02  -8.2658496562e+00   1.5967477066e-02  -8.2648993674e+00   5.2215399336e-03  -8.2652369549e+00   1.5480065880e-03

map_6      occ                 col08              col09              col10              col11              col12              col13              col14              col15              col16              col17              col18              col19              col20              col21              col22              col23              col24              col25              col26              col27              col28              col29              col30              col31              col32
1ecq_0   1ecq    -7.8244019020e+00  -3.7527225719e+03   2.8472669737e+05  -5.8167199864e+03   7.3071096762e+04   2.8145419289e+03   2.7596747874e+04   9.0065341726e+01   8.6347831857e+03   4.6927795762e+02   2.4593957900e+03   8.0889935037e+01   8.7879440037e+02  -3.7163211630e+01   2.5053930816e+02   4.4599231406e+00   7.7455489276e+01  -9.3034120552e+00   2.7090004368e+01  -8.2266039641e+00   7.9789789115e+00  -7.3871955421e+00   2.6896884250e+00  -7.8892021941e+00   8.5102261450e-01
1h0r_0   1h0r    -8.1316216790e+00   5.8207660913e-13   2.2086425728e+05   5.9212220375e+03   7.2943409511e+04  -4.0551399408e+03   2.2016551542e+04   2.6376352713e+02   7.1555681471e+03   5.1963209154e+02   2.5125564504e+03   1.1196492580e+02   7.6158505301e+02  -7.9834221853e+01   2.5004589536e+02  -3.3388515053e+00   9.1841505472e+01  -6.4131320441e+00   2.7809646738e+01  -8.5279897989e+00   7.7314755064e+00  -8.3336816680e+00   2.8177105038e+00  -8.0118948839e+00   7.8119268593e-01
1we2_0   1we2    -5.7282632830e+00  -5.0835263555e+04   2.3073718949e+05   2.6187863044e+03   5.7641117328e+04  -3.2657805678e+03   2.0242423458e+04  -1.0968093228e+03   7.2156923585e+03   1.7438035862e+02   1.8500091921e+03   3.4028817331e+01   7.6518232535e+02  -2.9489074250e+01   2.3360017502e+02   1.2354509506e-01   6.0517017795e+01  -3.9317533296e+00   2.2009307128e+01  -6.0171775892e+00   6.9752769179e+00  -5.7799588371e+00   2.2668374165e+00  -5.8915004632e+00   6.7322550410e-01
2aa9_0   2aa9    -7.1829524970e+00  -8.2190580265e+03   2.1205433571e+05   2.6300985685e+03   8.0993671695e+04   1.5123066769e+03   2.4907380112e+04   1.0109441373e+03   6.5573466435e+03  -9.6491741231e+01   2.3193825894e+03  -4.9856805989e+01   7.1672920503e+02  -2.3131716910e+01   2.4977680157e+02  -6.3041818875e+00   6.5618457569e+01  -9.3417320386e+00   2.3459291305e+01  -8.3096945108e+00   6.7852744472e+00  -6.8276717751e+00   2.1164078321e+00  -7.3473024205e+00   6.3887481591e-01
2ael_0   2ael    -6.3460691150e+00  -2.9416895259e+03   2.0587581381e+05   3.9712808600e+03   6.1016469826e+04  -5.1773735656e+03   2.2136812150e+04  -8.6632756538e+02   7.0878229607e+03   8.1043546438e+01   1.9919057042e+03   7.4277660529e+00   6.3507102694e+02  -1.0832771679e+01   2.0197002749e+02  -8.1948115968e+00   7.1855080425e+01  -6.8306324960e+00   1.8660771614e+01  -7.2382624136e+00   5.5112609989e+00  -6.3137985323e+00   1.9749561548e+00  -6.2670643668e+00   6.4309612435e-01
2bjm_0   2bjm    -5.0004681310e+00  -1.5185554353e+03   2.0532429642e+05   5.4667995672e+03   6.3498958924e+04  -2.5511731313e+03   2.0159645581e+04  -2.2778331530e+02   6.4227513303e+03   3.7660174796e+01   2.0020461421e+03   6.8532406796e+01   5.1802799236e+02  -2.6772132325e+01   2.1820632115e+02   1.2619195668e-01   6.6970961732e+01  -1.5938302283e+00   1.8909777178e+01  -4.7204083109e+00   6.5279051174e+00  -5.0059741791e+00   2.3291511122e+00  -4.9725469472e+00   6.5265936390e-01
2gtv_0   2gtv    -6.7330209490e+00  -2.3137067011e+04   2.6002037472e+05  -1.5128082277e+04   1.0005361535e+05  -3.5595487710e+02   2.1973132507e+04  -5.3393231565e+02   8.8620858004e+03   4.0721237940e+02   2.4729741337e+03  -1.4094033359e+02   6.8672942618e+02   3.6520970390e+00   2.2779132622e+02  -2.9117108947e+00   7.3429982657e+01  -7.5445882043e+00   2.1287532555e+01  -5.1843706592e+00   7.5111046852e+00  -7.3974138550e+00   2.3553950517e+00  -6.7102941155e+00   7.2748250119e-01
2os9_0   2os9    -4.0213171380e+00  -2.6417159906e+03   1.8488199541e+05   1.1887721958e+03   5.7347760261e+04  -3.9625739859e+01   1.8382526434e+04   5.3626834609e+02   6.4127723343e+03   1.7818374356e+02   1.9421558379e+03  -3.8172796064e+00   5.7496333812e+02  -4.3276591357e+01   1.9013079527e+02  -9.3923570329e+00   5.0306996898e+01  -3.6181206378e+00   1.9809348221e+01  -3.6682471988e+00   5.7461897462e+00  -4.0800463409e+00   1.8883374768e+00  -4.0205295891e+00   5.1276476820e-01
2q9y_0   2q9y    -6.0637588780e+00   5.3176635455e+04   2.6840767624e+05   9.3945389304e+03   7.3558477650e+04  -2.5879295921e+03   2.3556612329e+04   1.1007563539e+03   7.9275169382e+03  -2.5631138289e+02   2.6302859362e+03   4.7132224558e+01   6.9144449022e+02  -2.1960177888e+01   2.4587090462e+02  -1.2272812952e+01   8.0502996520e+01  -1.9408585664e+00   2.3683927107e+01  -6.5527493982e+00   7.4006472953e+00  -6.4426831574e+00   2.5163353595e+00  -6.1016600116e+00   8.0679345091e-01
2ybs_0   2ybs    -8.4316525800e+00   1.9857374076e+04   2.5635759699e+05  -3.9714748152e+03   8.0327033226e+04  -2.6807455003e+03   2.7533092348e+04  -1.1715850705e+03   9.3672148777e+03  -2.9666916870e+02   2.3410304763e+03   6.4675467366e+01   9.3423082550e+02  -4.0516986065e+01   2.5722309684e+02  -1.3936500848e+01   7.9124997342e+01  -9.1897742913e+00   2.7118249187e+01  -8.8570560457e+00   9.5444518455e+00  -8.4978178799e+00   2.7338891157e+00  -8.3486190033e+00   8.5557559322e-01
3b9s_0   3b9s    -5.8839061510e+00  -1.4337207523e+03   2.0529780024e+05  -5.0180226330e+03   6.5665776431e+04  -2.1362439209e+03   2.1086568552e+04   1.6330079369e+03   6.6161091640e+03   3.2832205227e+02   2.0401934286e+03   3.4280263187e+01   6.6761094654e+02  -1.5954444531e+01   2.0458104294e+02  -1.6322910765e+00   5.9807499020e+01  -6.8074351667e+00   2.1647051611e+01  -7.0291357078e+00   6.5492565419e+00  -5.8965173892e+00   2.0618764554e+00  -5.8678663295e+00   6.9311826047e-01
4gui_0   4gui    -9.0453795210e+00  -9.7659002427e+03   2.3122840208e+05  -5.2735861311e+03   8.3876553947e+04   1.3672260340e+02   2.3846053299e+04   7.6174021893e+01   8.1832216787e+03   1.7090325425e+02   2.6086581613e+03   4.1544139633e+01   7.8680874673e+02  -1.3314828391e+01   2.4076905067e+02   1.7801282963e+00   8.0054749944e+01  -8.3290628718e+00   2.9266215111e+01  -9.2375982437e+00   8.5593630367e+00  -9.2643316143e+00   2.9053079128e+00  -9.0273976905e+00   8.5745470269e-01
4lm3_0   4lm3    -6.4512816770e+00  -1.0738413669e+04   2.3974064231e+05  -7.1589424459e+02   8.7675828255e+04  -3.8121368524e+03   2.5941539531e+04  -4.0269051258e+02   7.3558784618e+03  -7.5705816365e+01   2.6021393492e+03   4.8931371618e+01   7.1035733846e+02  -7.5884789926e-01   2.3719743724e+02  -1.1990691676e+01   7.7530366217e+01  -7.2729665017e+00   2.3486926444e+01  -6.1025814267e+00   8.2399637826e+00  -6.3077423993e+00   2.1833416105e+00  -6.4550314835e+00   8.1655878550e-01
4pnc_0   4pnc    -5.2612789390e+00  -8.6198435904e+03   2.3804291727e+05   2.9307468207e+03   8.2553451355e+04   6.8958748723e+01   2.0052306638e+04  -4.5685171029e+02   7.0120638708e+03  -3.8341064290e+02   2.3136749379e+03  -1.9480846514e+00   7.5670211242e+02  -3.0217723691e+01   2.3249518582e+02  -5.5711773094e+00   7.0733421300e+01  -9.3101379048e+00   2.4002328750e+01  -5.6171141798e+00   9.5300371349e+00  -5.2750698215e+00   2.4795190197e+00  -5.1617826651e+00   6.8617915098e-01
6cjw_0   6cjw    -6.4709056050e+00  -1.7196187628e+03   2.0228282519e+05   1.3756950102e+03   7.1245472903e+04  -2.0807387030e+03   2.1392045959e+04  -8.0994043727e+02   7.7049704269e+03   1.6955441001e+02   2.3160447792e+03   4.4503733581e+01   7.7389233401e+02  -2.8243018560e+01   2.3962433824e+02  -1.1968546589e-01   7.5913240190e+01  -8.2622522695e+00   2.1643637725e+01  -6.0398926437e+00   7.6672727873e+00  -6.3326477643e+00   2.1839661310e+00  -6.5133423118e+00   8.5383523436e-01
6o4x_0   6o4x    -9.7084400820e+00   1.7097889871e+03   2.2470372621e+05   1.4551915228e-13   8.1038670893e+04   1.6072016479e+03   2.1972476839e+04  -8.1043997990e+02   7.4574166334e+03  -3.5905568730e+01   2.6051498979e+03  -2.3424109124e+01   7.3897978793e+02  -9.3491261817e+00   2.3626608068e+02  -1.8605581800e+01   7.0725555768e+01  -5.2477869467e+00   2.5556269573e+01  -9.5252754823e+00   6.9040306472e+00  -9.8172192162e+00   2.3648244488e+00  -9.7387389100e+00   7.3530322030e-01
