map_0
map      occ                 col08              col09              col10              col11              col12              col13              col14              col15              col16              col17              col18              col19              col20              col21              col22              col23              col24              col25              col26              col27              col28              col29              col30              col31              col32
1ecq_0   1ecq    -7.8244019020e+00   1.8518596137e+04   2.8608478021e+06   7.0370665322e+03   7.8226096638e+05  -3.1037167126e+04   2.7156412857e+05  -5.0370581494e+03   8.9231943169e+04   1.9985268951e+03   2.6635156447e+04   3.1744577499e+02   1.0141894268e+04  -3.0438646099e+02   2.9158733980e+03  -7.4140681123e+01   9.1909076818e+02  -3.9347090845e+01   2.9858185807e+02  -4.3179403202e+00   8.6115937878e+01  -6.5583552665e+00   2.7555701599e+01  -7.3822069790e+00   9.3908767109e+00
1h0r_0   1h0r    -8.1316216790e+00   4.1876902025e+04   2.8112365930e+06  -2.0624374247e+05   8.0330848349e+05  -1.6750760810e+04   2.7019817131e+05  -7.8519191297e+03   9.5983127231e+04  -2.6347550857e+03   2.8593511887e+04   1.2641589799e+03   8.6432947961e+03  -3.0062032067e+02   2.8513841860e+03   1.8907770239e+01   8.4372732206e+02  -2.3038298470e+01   3.0910947250e+02  -1.6157044052e+01   1.0018389376e+02  -7.2069548149e+00   2.8740388603e+01  -7.9084126758e+00   9.1671313898e+00
1we2_0   1we2    -5.7282632830e+00   7.3943176736e+04   2.3849200220e+06   2.1236480359e+05   6.7825928958e+05  -1.5675953468e+04   2.2300869036e+05   7.1931922329e+03   8.5723495950e+04   9.3730370831e+02   2.4908925954e+04   4.4927874185e+02   6.8450924297e+03  -1.4420694100e+02   2.5622980883e+03  -2.7980393850e+01   7.2019536452e+02  -2.8976112668e+01   2.2219984065e+02  -1.0178213208e+01   8.0276159164e+01  -5.5218954257e+00   2.6128445178e+01  -5.9624900147e+00   6.8049254870e+00
2aa9_0   2aa9    -7.1829524970e+00   1.8980486008e+05   2.2864817486e+06   7.2442188264e+04   7.3258063930e+05   7.6238285466e+03   2.5815120277e+05   2.8913607019e+03   8.7087363930e+04   1.6772422803e+03   2.4238407674e+04   9.2153422984e+02   7.2188853788e+03   9.7106697149e+02   2.4262463172e+03   4.5625924949e+01   7.3487679313e+02   1.0417503014e+01   2.4805604951e+02  -1.2760340324e+01   7.0484053511e+01  -5.4210472939e+00   2.1672720167e+01  -8.2751903945e+00   7.8509400741e+00
2ael_0   2ael    -6.3460691150e+00  -2.7285249361e+05   1.9940171625e+06   2.4779461155e+04   6.8904688589e+05   9.7447319148e+02   2.1949562028e+05  -5.9582075136e+03   7.3312914354e+04  -1.4622666290e+03   2.1311962444e+04  -6.3958851871e+02   6.7183504086e+03  -1.9549045905e+02   2.1620593134e+03  -4.0733814667e+01   7.2851283496e+02   8.8226853810e+00   2.0711052615e+02   1.1811895816e+00   7.1732253670e+01  -6.1094446393e+00   2.0783110684e+01  -5.6116566149e+00   6.8273802942e+00
2bjm_0   2bjm    -5.0004681310e+00   7.9743817714e+04   2.4767012662e+06   1.2699941340e+04   7.6159252825e+05  -4.2205153894e+04   2.3386909407e+05  -7.4693375926e+03   7.3878685908e+04  -5.4698352002e+02   2.0542096230e+04  -1.0630736944e+03   7.1215134215e+03  -3.5571649650e+01   2.1100214840e+03   7.7310449884e+01   7.5920978110e+02  -4.1216330555e+00   2.4674047847e+02   6.6222958073e+00   7.6183370956e+01  -4.6233191336e+00   2.3417214085e+01  -5.0023000620e+00   7.7349973561e+00
2gtv_0   2gtv    -6.7330209490e+00   1.1065887881e+05   2.7627584727e+06   1.8778476404e+04   8.1817727915e+05   4.6610861074e+03   2.3132138990e+05  -3.2191673836e+03   8.1584408265e+04   9.3557052085e+02   2.6205452014e+04  -8.3272482954e+02   8.6839095279e+03  -1.8232894599e+02   2.4096368556e+03  -1.1119205341e+02   8.2382842294e+02   1.6202337705e+01   2.7622087378e+02  -1.3768355427e+01   8.2322990228e+01  -1.3288969427e+01   2.6565519361e+01  -6.1715445266e+00   7.4326462537e+00
2os9_0   2os9    -4.0213171380e+00   3.0403555260e+05   1.8920054221e+06  -1.0602265424e+05   7.0217616937e+05   1.9541430390e+04   1.7954402983e+05  -1.0121525448e+04   7.0113176260e+04  -1.1020639133e+03   2.1265640584e+04   1.1829581591e+03   6.2369105123e+03   3.9120800259e+02   2.0540032589e+03   3.5677922449e+01   6.1028341053e+02   2.5371429048e+01   2.0364492178e+02  -9.7751068194e+00   7.1097829465e+01  -2.3077803029e+00   2.2756353077e+01  -4.6934105201e+00   7.3718243351e+00
2q9y_0   2q9y    -6.0637588780e+00  -9.7005354480e+04   2.6107788716e+06   2.1556745440e+04   9.2304707362e+05   3.5568629976e+03   2.8167516582e+05   3.1329136706e+03   8.5737329989e+04   2.5530372183e+03   2.6622300634e+04  -2.6550724800e+02   1.0353410556e+04   2.8383048163e+02   2.9469655558e+03   8.0136841894e+01   9.3501352034e+02  -3.9171229202e+01   2.9146811646e+02   3.3875419477e+00   9.3994746061e+01  -3.9260639396e+00   2.5160606396e+01  -5.4627029814e+00   8.9917334199e+00
2ybs_0   2ybs    -8.4316525800e+00  -1.4622044558e+05   2.8882117768e+06   1.5391625850e+03   9.5913382625e+05   2.2356336547e+04   3.1565045291e+05   9.1926485389e+03   1.0129500150e+05   1.4079489746e+03   2.9254790154e+04   1.3502303777e+02   9.5050864298e+03   5.1157916419e+01   3.2721801388e+03   1.3138561179e+02   8.9547090001e+02  -3.2399718726e+01   3.1298251461e+02   4.3702251335e+00   1.0299375313e+02  -3.3435705975e+00   3.3643393589e+01  -9.0612447650e+00   9.1300041571e+00
3b9s_0   3b9s    -5.8839061510e+00   7.0640172660e+04   2.2478655344e+06  -2.6784398800e+04   7.5277217442e+05   2.9021337601e+04   2.1497604026e+05  -6.3752755825e+03   7.9851804586e+04  -2.4812360647e+03   2.4087636168e+04   7.1914639108e+02   6.9186332206e+03  -1.2202206825e+02   1.7775338081e+03  -4.8868282778e+01   7.5866495910e+02   1.1970242158e+01   2.1908351548e+02   7.1601114475e+00   7.0860144727e+01  -5.0924671185e+00   2.3063677823e+01  -5.6034998494e+00   7.3014038622e+00
4gui_0   4gui    -9.0453795210e+00   3.1348496331e+05   2.7402256917e+06  -1.4815896480e+05   8.4412134562e+05  -3.6050770781e+04   3.3829121426e+05   3.7916752705e+03   8.6962526717e+04  -5.0082954853e+03   2.8483080641e+04  -1.9891367315e+02   8.8694582825e+03  -1.3844839487e+02   2.9004955607e+03  -7.1434266426e+01   8.4832448301e+02  -5.2962463520e+01   2.9405698041e+02   3.0279288690e-01   7.7355328963e+01  -9.0304542308e+00   2.9463332979e+01  -9.3417007995e+00   1.0360955817e+01
4lm3_0   4lm3    -6.4512816770e+00  -3.0991835391e+05   3.1875439158e+06  -1.9074736782e+05   7.8849149221e+05  -4.0031120713e+04   3.1223686201e+05   2.0550538467e+03   9.6441590457e+04   5.9327227748e+02   2.9369172514e+04  -8.4762669793e+02   8.2740035113e+03  -2.3040953811e+01   2.7925363534e+03   2.5990343479e+01   9.2452264894e+02   1.6896121439e+01   2.8673228403e+02  -2.7278607664e+00   9.3583943475e+01  -1.7443651244e+00   2.5303319590e+01  -4.9305373586e+00   9.7823387945e+00
4pnc_0   4pnc    -5.2612789390e+00   2.9780396227e+04   3.2147700204e+06  -2.2335297170e+04   1.0393148618e+06   7.5567755425e+03   2.4805513800e+05  -1.9934252724e+04   8.5249469026e+04   1.4901365762e+03   3.3045286326e+04   1.4141965658e+02   8.4445284368e+03  -2.7699863295e+02   2.9279963684e+03  -6.2318457144e+01   9.3468738021e+02   6.6941863658e+00   2.5607615650e+02  -1.8435576619e+01   9.3752957329e+01  -8.7929568118e+00   2.8534746957e+01  -4.3782948683e+00   8.8040271702e+00
6cjw_0   6cjw    -6.4709056050e+00   1.3781018622e+05   2.3085917553e+06   9.1089171865e+04   8.1111371273e+05  -3.0553526651e+04   2.4771734801e+05   4.1880851713e+03   7.0892856751e+04  -4.1336333417e+03   2.5290686316e+04   8.8736315027e+01   8.0434697082e+03  -7.1059637727e+01   2.6422958570e+03  -7.2096239225e+01   7.9260014985e+02  -1.4049143464e+01   2.6541626824e+02  -1.5556565061e+01   8.0571462858e+01  -3.1064678077e+00   2.6262625570e+01  -5.8356438285e+00   9.5539595230e+00
6o4x_0   6o4x    -9.7084400820e+00  -5.4709777519e+04   2.8208164268e+06  -3.7271035935e+04   7.7163582042e+05  -2.4927142382e+04   2.8079138114e+05  -5.8471074723e+02   7.4696676288e+04   1.7411386695e+03   2.7504707036e+04  -4.0522848336e+02   9.6612260827e+03  -2.6909687945e+02   2.5976821891e+03  -1.3444585889e+01   8.8778490549e+02  -2.0050449590e+00   2.7220342972e+02  -5.8352320312e+00   8.9453895485e+01  -1.2298874928e+01   2.8046762911e+01  -9.0366137119e+00   8.9424839371e+00

map_1
map      occ                 col08              col09              col10              col11              col12              col13              col14              col15              col16              col17              col18              col19              col20              col21              col22              col23              col24              col25              col26              col27              col28              col29              col30              col31              col32
1ecq_0   1ecq    -1.5583402100e-01  -2.7189723957e-01   1.0940979304e+00  -1.8112321324e-01   3.3075110904e-01  -1.6240195539e-01   1.1412334479e-01  -1.6355751866e-01   3.3348799683e-02  -1.5379754066e-01   1.0475490743e-02  -1.5590688262e-01   3.2182143403e-03  -1.5571075550e-01   1.1131073801e-03  -1.5582406400e-01   3.6513965670e-04  -1.5582813031e-01   1.0210315565e-04  -1.5582978756e-01   3.1951532590e-05  -1.5583301325e-01   1.0920619586e-05  -1.5583360604e-01   3.0172162781e-06
1h0r_0   1h0r    -1.6098447200e-01  -3.8949361584e-02   1.0238031451e+00  -1.5593175448e-01   3.2730336990e-01  -1.6468864543e-01   1.1407782343e-01  -1.5936601371e-01   3.9260379257e-02  -1.6269108041e-01   1.0841764888e-02  -1.6084805034e-01   3.0713924237e-03  -1.6106095158e-01   9.8400046385e-04  -1.6099206642e-01   3.4610754368e-04  -1.6098798241e-01   1.0693909920e-04  -1.6098693161e-01   3.3028731173e-05  -1.6098580894e-01   9.9336580190e-06  -1.6098500615e-01   3.4254137513e-06
1we2_0   1we2    -1.5712270000e-01  -3.3144619543e-01   9.6584401349e-01  -1.3322331513e-01   3.0244453798e-01  -1.4525597273e-01   1.1840331423e-01  -1.6125308793e-01   3.1066801346e-02  -1.5737800473e-01   9.4472611682e-03  -1.5745992482e-01   2.9223738602e-03  -1.5714798107e-01   1.1429830215e-03  -1.5711709390e-01   3.1359205965e-04  -1.5709554800e-01   1.0463364069e-04  -1.5711917525e-01   3.2801609172e-05  -1.5712055077e-01   1.0075021542e-05  -1.5712347523e-01   3.1439809761e-06
2aa9_0   2aa9    -1.6538146200e-01  -6.4069870019e-02   1.0009690727e+00  -1.1173785331e-01   3.7916312451e-01  -1.6633819654e-01   1.0359296392e-01  -1.6702758834e-01   3.1696371302e-02  -1.6447055983e-01   1.0157993391e-02  -1.6490641434e-01   3.7977704582e-03  -1.6549823670e-01   1.1592314862e-03  -1.6538888186e-01   3.3573196557e-04  -1.6538495892e-01   1.0459940423e-04  -1.6538062788e-01   3.0147386271e-05  -1.6538296787e-01   1.0067311115e-05  -1.6538215614e-01   3.2356461328e-06
2ael_0   2ael    -1.6619227300e-01  -2.4749979889e-01   9.9864479886e-01  -1.6567333477e-01   3.1457318230e-01  -1.6511772298e-01   9.9297265364e-02  -1.6156054474e-01   3.5723704884e-02  -1.6538984648e-01   9.2001307487e-03  -1.6610342881e-01   3.0310403637e-03  -1.6624568311e-01   9.6024937915e-04  -1.6621304420e-01   3.0957128369e-04  -1.6616981236e-01   1.0590888768e-04  -1.6618963215e-01   2.8639226450e-05  -1.6619237195e-01   9.8400567707e-06  -1.6619240210e-01   3.1349862600e-06
2bjm_0   2bjm    -1.6000004000e-01  -1.8158401096e-01   9.4863085104e-01  -1.5092526128e-01   3.1072603343e-01  -1.6357035074e-01   1.0876140766e-01  -1.6243874024e-01   3.3791045414e-02  -1.5802703827e-01   9.6330369664e-03  -1.5993394671e-01   3.7007360829e-03  -1.6011847554e-01   1.0790477198e-03  -1.5999371508e-01   3.2243582152e-04  -1.6000121171e-01   9.8899174052e-05  -1.6000285708e-01   3.1185988042e-05  -1.5999666754e-01   1.0285176621e-05  -1.6000016354e-01   3.2535782406e-06
2gtv_0   2gtv    -1.9750672100e-01  -9.6619880421e-02   1.3229748647e+00  -2.3188771301e-01   3.1779966470e-01  -1.8210684328e-01   1.0734119697e-01  -2.0335744862e-01   3.6889547748e-02  -1.9759803849e-01   1.0900454587e-02  -1.9669136907e-01   3.1338024008e-03  -1.9750832333e-01   1.1059848000e-03  -1.9747188004e-01   3.8671813782e-04  -1.9749737036e-01   1.1789750513e-04  -1.9750901642e-01   2.8520165495e-05  -1.9750672142e-01   1.0526838233e-05  -1.9750731213e-01   3.7035554926e-06
2os9_0   2os9    -1.3505519700e-01  -1.7361167721e-01   9.6905856418e-01  -1.5625050949e-01   2.7277465047e-01  -1.5504384677e-01   9.7839599344e-02  -1.3332638037e-01   2.5365752678e-02  -1.3489147117e-01   9.5103049329e-03  -1.3534874709e-01   2.9083222476e-03  -1.3497853065e-01   8.9038839262e-04  -1.3501678260e-01   3.0319037685e-04  -1.3504358737e-01   8.3543824096e-05  -1.3505137987e-01   3.0115236494e-05  -1.3505482794e-01   1.0104287790e-05  -1.3505524422e-01   2.7666449248e-06
2q9y_0   2q9y    -1.4997999000e-01  -1.1909996465e-01   8.7318686366e-01  -1.3260614621e-01   3.1166769838e-01  -1.5284086185e-01   9.1215801687e-02  -1.4401764179e-01   3.4176685198e-02  -1.4884573335e-01   8.3382530624e-03  -1.4990104498e-01   3.2654311786e-03  -1.4997247304e-01   9.9867669331e-04  -1.5001070425e-01   2.6724765039e-04  -1.4997459136e-01   8.4417429837e-05  -1.4998005547e-01   2.8298457526e-05  -1.4998082597e-01   8.7173001932e-06  -1.4998016455e-01   2.8178489101e-06
2ybs_0   2ybs    -1.3783001400e-01  -6.9080118604e-03   9.6069569789e-01  -8.7455430153e-02   3.4504624656e-01  -1.2294879509e-01   1.0726832712e-01  -1.4375158201e-01   3.3546928581e-02  -1.3910152290e-01   1.0389045510e-02  -1.3769894781e-01   2.9627485989e-03  -1.3777053554e-01   9.9478172069e-04  -1.3779542372e-01   3.0218086801e-04  -1.3782416211e-01   1.0717601588e-04  -1.3783237744e-01   3.7045950828e-05  -1.3782869570e-01   1.1124134863e-05  -1.3782994030e-01   3.7463854292e-06
3b9s_0   3b9s    -1.1999004000e-01  -1.2270862701e-01   7.2580297387e-01  -1.1395809378e-01   2.4959437169e-01  -1.1314338896e-01   7.9105059936e-02  -1.1908067605e-01   2.2077591422e-02  -1.1927288604e-01   7.9144095350e-03  -1.1982344545e-01   1.9986777032e-03  -1.2002305718e-01   7.8474207808e-04  -1.1999763286e-01   2.2844335154e-04  -1.1998679893e-01   7.7822356436e-05  -1.1998848160e-01   2.5734034195e-05  -1.1998877236e-01   7.8232542214e-06  -1.1998999268e-01   2.4210186075e-06
4gui_0   4gui    -1.7775678400e-01  -3.1018575070e-01   9.9535531204e-01  -1.9493451177e-01   3.3830100677e-01  -1.9152936153e-01   1.1231787171e-01  -1.7331801146e-01   3.6180600264e-02  -1.7649941438e-01   9.0058933144e-03  -1.7760779768e-01   3.8939981295e-03  -1.7807138889e-01   9.8251423104e-04  -1.7776285802e-01   3.4665569905e-04  -1.7775345327e-01   1.1243216136e-04  -1.7775421245e-01   3.1493907245e-05  -1.7775732387e-01   9.8665615909e-06  -1.7775690472e-01   3.3355278964e-06
4lm3_0   4lm3    -1.2636549500e-01  -1.1388072897e-01   9.3453470751e-01  -1.2151191184e-01   2.5539354169e-01  -1.3523630072e-01   9.7020379078e-02  -1.2820739428e-01   3.1278646460e-02  -1.2508847114e-01   8.7224884277e-03  -1.2641188262e-01   3.0228786162e-03  -1.2644950318e-01   9.5433302664e-04  -1.2631603954e-01   2.9418735222e-04  -1.2637536057e-01   9.5651333533e-05  -1.2636370867e-01   3.0015686143e-05  -1.2636471938e-01   9.4063872139e-06  -1.2636543857e-01   2.8743815928e-06
4pnc_0   4pnc    -1.4000006000e-01  -1.4144225905e-01   1.0072921622e+00  -1.6047747896e-01   3.2100367409e-01  -1.3516328026e-01   9.8585975464e-02  -1.3960086590e-01   2.9138916102e-02  -1.3986299675e-01   9.8959390863e-03  -1.4011731521e-01   3.3379232260e-03  -1.4020033521e-01   1.0490473700e-03  -1.4000142245e-01   3.5377134364e-04  -1.4000798376e-01   1.0923692284e-04  -1.3999868588e-01   3.3562108509e-05  -1.3999928051e-01   1.0545246022e-05  -1.4000042551e-01   3.4109015050e-06
6cjw_0   6cjw    -1.5034666000e-01  -2.5306111336e-01   8.7143785444e-01  -1.4752180111e-01   2.8946383463e-01  -1.5850721902e-01   8.6343597334e-02  -1.4855037208e-01   2.9109394870e-02  -1.4966220833e-01   9.4265193015e-03  -1.5032352582e-01   2.7728611210e-03  -1.5027316433e-01   8.8785146875e-04  -1.5035594505e-01   2.8104892959e-04  -1.5034868910e-01   8.6470354264e-05  -1.5034539798e-01   2.8176483275e-05  -1.5034510316e-01   1.0336485893e-05  -1.5034680361e-01   3.4435966750e-06
6o4x_0   6o4x    -1.6990446300e-01  -1.0722983674e-01   9.5398340538e-01  -2.0942116309e-01   3.3241080220e-01  -1.7242040978e-01   1.0395787286e-01  -1.6332266869e-01   3.3953870726e-02  -1.7092009641e-01   1.0292761362e-02  -1.7007038393e-01   3.4118535874e-03  -1.6975563982e-01   1.0987020497e-03  -1.6991735339e-01   3.3030214965e-04  -1.6991080459e-01   9.8178978759e-05  -1.6990617736e-01   3.3976538662e-05  -1.6990386187e-01   9.6947150105e-06  -1.6990382808e-01   3.3672259753e-06

map_2
map      occ                 col08              col09              col10              col11              col12              col13              col14              col15              col16              col17              col18              col19              col20              col21              col22              col23              col24              col25              col26              col27              col28              col29              col30              col31              col32
1ecq_0   1ecq    -1.4102002050e+00  -2.6249994521e+00   9.3778612677e+00  -1.1628883583e+00   3.5448909265e+00  -1.2219168434e+00   1.2050619510e+00  -1.4606965863e+00   3.1888508853e-01  -1.4053240590e+00   1.0785625744e-01  -1.4107023156e+00   3.0831333492e-02  -1.4093432052e+00   1.0063295154e-02  -1.4108561950e+00   3.7526847800e-03  -1.4103346446e+00   9.8172144875e-04  -1.4101295983e+00   3.6441993443e-04  -1.4101874579e+00   1.2185819757e-04  -1.4101926156e+00   3.1638297754e-05
1h0r_0   1h0r    -1.5251078900e+00   2.9451178003e-01   1.0787041437e+01  -1.3906077962e+00   2.9935611811e+00  -1.6266013660e+00   1.0568477989e+00  -1.4695241484e+00   3.2322154504e-01  -1.5236835842e+00   9.8799909195e-02  -1.5245264001e+00   3.4694617365e-02  -1.5246877926e+00   9.7519185935e-03  -1.5256053658e+00   3.3753155071e-03  -1.5252141676e+00   8.9021088117e-04  -1.5251291709e+00   3.2244825742e-04  -1.5251093511e+00   9.1571725134e-05  -1.5251062794e+00   3.1530564536e-05
1we2_0   1we2    -1.4178068840e+00  -2.9444389081e+00   9.8173154443e+00  -1.6762531875e+00   2.9714034209e+00  -1.5034964815e+00   1.0231519282e+00  -1.3936114875e+00   3.2151077687e-01  -1.4262959811e+00   1.0534185823e-01  -1.4154148744e+00   3.0264916749e-02  -1.4177343225e+00   1.0451546938e-02  -1.4177296432e+00   2.7370776504e-03  -1.4179297503e+00   9.5537536929e-04  -1.4178584978e+00   3.1599829269e-04  -1.4178042825e+00   9.3644150091e-05  -1.4178039520e+00   2.9743066269e-05
2aa9_0   2aa9    -1.4620568570e+00  -2.0964512958e+00   9.2129749735e+00  -1.2811646808e+00   3.1046497852e+00  -1.5062573462e+00   8.8539031332e-01  -1.4996247138e+00   2.7158109156e-01  -1.4783586061e+00   8.3979828421e-02  -1.4614467419e+00   2.7689623917e-02  -1.4619651048e+00   9.6019689064e-03  -1.4622051178e+00   2.9768331277e-03  -1.4620530691e+00   9.5702040101e-04  -1.4620335578e+00   3.2325025835e-04  -1.4620503867e+00   1.0400780873e-04  -1.4620562590e+00   3.0923657993e-05
2ael_0   2ael    -1.6061916430e+00  -1.3552397439e+00   9.8518355292e+00  -1.9348467416e+00   3.0491446411e+00  -1.5829684223e+00   8.7384163396e-01  -1.5522698221e+00   2.7020092395e-01  -1.6156877819e+00   1.0484525928e-01  -1.6037333573e+00   3.5560629388e-02  -1.6063491273e+00   9.2002725386e-03  -1.6056601803e+00   2.6654270060e-03  -1.6063372342e+00   1.0913043361e-03  -1.6061939584e+00   3.1843537411e-04  -1.6061797822e+00   8.9280169231e-05  -1.6061957430e+00   3.1675897957e-05
2bjm_0   2bjm    -1.5090204340e+00  -1.1119603763e+00   9.5272916331e+00  -1.1143776814e+00   3.1389532811e+00  -1.6183858085e+00   9.1415334888e-01  -1.5428812816e+00   3.2945400880e-01  -1.4910445897e+00   8.8509042344e-02  -1.5031434437e+00   3.2572787555e-02  -1.5093633512e+00   9.6270693245e-03  -1.5092175503e+00   3.0791262275e-03  -1.5090505774e+00   9.4494101995e-04  -1.5090471964e+00   2.9125662618e-04  -1.5090178387e+00   1.0058794688e-04  -1.5090197719e+00   2.7164496794e-05
2gtv_0   2gtv    -1.8124849210e+00  -1.5147073054e-01   9.7935803740e+00  -2.1095741744e+00   3.3188044470e+00  -1.9050886882e+00   1.1585243897e+00  -1.8295736440e+00   3.7185464795e-01  -1.8312728702e+00   1.1121407736e-01  -1.8111330464e+00   3.4760512480e-02  -1.8110435410e+00   9.8483847813e-03  -1.8121046499e+00   3.0639973284e-03  -1.8126603809e+00   1.2366951047e-03  -1.8125179002e+00   3.5795027552e-04  -1.8124840220e+00   1.2175380667e-04  -1.8124823835e+00   3.6871626782e-05
2os9_0   2os9    -1.0943068470e+00  -2.8846856564e+00   8.1655568074e+00  -1.0355570775e+00   2.9950346596e+00  -1.1979333287e+00   7.4135664559e-01  -1.0782301422e+00   2.7909068226e-01  -1.0688898456e+00   8.9718096737e-02  -1.0998881593e+00   2.6205313574e-02  -1.0945949189e+00   7.8978504157e-03  -1.0942917114e+00   2.6369409968e-03  -1.0942566382e+00   8.2327038111e-04  -1.0943068088e+00   3.0016142917e-04  -1.0942990883e+00   9.6694718194e-05  -1.0943060875e+00   2.7388194316e-05
2q9y_0   2q9y    -1.4997999000e+00  -1.0491626613e+00   9.9895680589e+00  -8.7714878314e-01   3.0520691034e+00  -1.4311310674e+00   8.9172588740e-01  -1.5279712210e+00   2.8577508660e-01  -1.5127778817e+00   9.6999726049e-02  -1.4984551035e+00   2.5887926030e-02  -1.4991586646e+00   8.3040021647e-03  -1.4993635905e+00   2.7712434387e-03  -1.4997801653e+00   9.3280131228e-04  -1.4998437782e+00   3.1069122178e-04  -1.4998124061e+00   1.0547092524e-04  -1.4997961105e+00   2.7738209423e-05
2ybs_0   2ybs    -1.2824813290e+00  -2.0376304441e+00   1.0245645606e+01  -1.3512707155e+00   3.2434786194e+00  -1.1597066429e+00   9.7507928626e-01  -1.2560651141e+00   3.2918390736e-01  -1.2888669426e+00   1.0636520400e-01  -1.2864577128e+00   3.3594187385e-02  -1.2840571026e+00   9.1266204824e-03  -1.2829048494e+00   3.5932175214e-03  -1.2826570635e+00   9.6699148293e-04  -1.2824666592e+00   3.0612323192e-04  -1.2824789185e+00   1.0104681381e-04  -1.2824825973e+00   3.2773590230e-05
3b9s_0   3b9s    -1.1999004000e+00  -1.9812467517e-01   8.0281311223e+00  -1.2897916353e+00   2.5097759138e+00  -1.1018703809e+00   7.8707405166e-01  -1.1902240798e+00   2.4195162333e-01  -1.2095372732e+00   7.0904980834e-02  -1.2002700906e+00   2.4184588118e-02  -1.2006764938e+00   8.2017535495e-03  -1.1996773273e+00   2.3152840895e-03  -1.1998231159e+00   7.5581410405e-04  -1.1999185633e+00   2.4251371754e-04  -1.1998991983e+00   7.1310494605e-05  -1.1998999210e+00   2.0908126207e-05
4gui_0   4gui    -1.6345800010e+00  -3.7034680227e+00   1.1357073432e+01  -2.3379807122e+00   3.3787051263e+00  -1.6431141940e+00   1.1115211187e+00  -1.6139926792e+00   3.1245061913e-01  -1.6411265773e+00   1.0421194241e-01  -1.6308706353e+00   3.3902536936e-02  -1.6359130535e+00   1.0296521456e-02  -1.6342221100e+00   3.6011699939e-03  -1.6346457301e+00   9.7647002886e-04  -1.6345768980e+00   3.1055697655e-04  -1.6345753917e+00   1.1606398787e-04  -1.6345800210e+00   3.4496958428e-05
4lm3_0   4lm3    -1.2693915110e+00  -2.5900134138e+00   1.0450824416e+01  -1.4483169180e+00   2.5529004199e+00  -1.2678289877e+00   8.9193144384e-01  -1.2597453584e+00   2.8176441940e-01  -1.2849486279e+00   9.4094548052e-02  -1.2691057598e+00   2.7845056844e-02  -1.2699642040e+00   8.5173187159e-03  -1.2691719340e+00   2.8808567023e-03  -1.2694434548e+00   8.7543122644e-04  -1.2693260374e+00   2.9001920801e-04  -1.2694019480e+00   9.2419848885e-05  -1.2693925678e+00   3.1066592969e-05
4pnc_0   4pnc    -1.4003305000e+00  -2.7268425570e+00   1.0523160537e+01  -1.6055241223e+00   3.0367218247e+00  -1.4352875964e+00   9.7602866722e-01  -1.4031516294e+00   3.2206729368e-01  -1.3958375751e+00   9.4781068063e-02  -1.4000952721e+00   2.5984691995e-02  -1.3977099220e+00   1.1602659348e-02  -1.4004944781e+00   3.4094782029e-03  -1.4001326913e+00   9.2578040880e-04  -1.4003154777e+00   3.5313470141e-04  -1.4003247746e+00   8.9540748696e-05  -1.4003314248e+00   3.3311319871e-05
6cjw_0   6cjw    -1.5061414940e+00  -1.5904698012e+00   7.9254520106e+00  -1.5328440838e+00   2.8613330022e+00  -1.4946958589e+00   9.2139091328e-01  -1.5308732843e+00   2.6668987206e-01  -1.5069505439e+00   8.6723477038e-02  -1.5052610731e+00   2.6291591199e-02  -1.5064479209e+00   8.6524249377e-03  -1.5065061482e+00   2.6779161086e-03  -1.5061379592e+00   8.8229640913e-04  -1.5061590478e+00   2.8899898914e-04  -1.5061647345e+00   9.5990533444e-05  -1.5061390735e+00   2.6866426775e-05
6o4x_0   6o4x    -1.7338467290e+00  -7.7490274315e-01   9.6629391912e+00  -1.8460183091e+00   2.9831586251e+00  -1.7435311721e+00   1.0117726988e+00  -1.7867007539e+00   3.0534097535e-01  -1.7350134911e+00   9.8389040824e-02  -1.7321708479e+00   3.4172863086e-02  -1.7358503111e+00   1.0567629196e-02  -1.7338789498e+00   3.0149219858e-03  -1.7339540618e+00   9.9094069646e-04  -1.7338373253e+00   2.8914177323e-04  -1.7338584369e+00   1.0566621703e-04  -1.7338505644e+00   3.1858230623e-05

map_3
map      occ                 col08              col09              col10              col11              col12              col13              col14              col15              col16              col17              col18              col19              col20              col21              col22              col23              col24              col25              col26              col27              col28              col29              col30              col31              col32
1ecq_0   1ecq    -8.2145053130e+00  -1.1078417112e+01   9.0692330108e+01  -8.0262001528e+00   2.6587023831e+01  -7.3874954928e+00   9.5915111998e+00  -8.1491931918e+00   2.3369102392e+00  -8.1571741739e+00   9.2225645354e-01  -8.2060299934e+00   3.1033928034e-01  -8.2168679636e+00   8.8143914027e-02  -8.2119514864e+00   2.7965231884e-02  -8.2158451883e+00   7.8933487833e-03  -8.2142322125e+00   2.9090150609e-03  -8.2144849487e+00   8.5229788974e-04  -8.2145562153e+00   3.1341509569e-04
1h0r_0   1h0r    -7.9875400030e+00  -2.0852027403e+01   8.2782084783e+01  -4.9248506932e+00   2.7181295298e+01  -8.4068249174e+00   8.2761765879e+00  -7.7780157896e+00   2.7919044596e+00  -8.0723018145e+00   7.3298238078e-01  -7.9894218165e+00   2.4975189604e-01  -7.9842912747e+00   8.3471833106e-02  -7.9898806764e+00   2.4343775859e-02  -7.9876609330e+00   8.1986349895e-03  -7.9869652656e+00   2.6361218766e-03  -7.9875830085e+00   8.3126329319e-04  -7.9875139776e+00   2.4755123197e-04
1we2_0   1we2    -5.1784841040e+00  -1.3290036666e+01   7.4871234417e+01  -4.1713253768e+00   2.4867666302e+01  -5.2015457374e+00   8.3436280642e+00  -5.0336256390e+00   2.5950690885e+00  -5.2050768128e+00   6.4325514907e-01  -5.1461078530e+00   2.5912758121e-01  -5.1792405935e+00   7.8450566921e-02  -5.1779340762e+00   2.0772044879e-02  -5.1781220613e+00   6.1062979450e-03  -5.1782562828e+00   2.2335818444e-03  -5.1785204810e+00   6.4623866724e-04  -5.1784574772e+00   2.4481179091e-04
2aa9_0   2aa9    -7.1596311570e+00  -1.1198201777e+01   7.6598746683e+01  -6.4789595995e+00   2.4762194779e+01  -8.8175840599e+00   7.3585188219e+00  -7.1581505340e+00   2.4631783825e+00  -7.1080485795e+00   6.8484711695e-01  -7.1696276910e+00   2.3793031857e-01  -7.1624441446e+00   8.1044858060e-02  -7.1575248445e+00   2.2960402600e-02  -7.1595461759e+00   7.5700659265e-03  -7.1598281119e+00   2.5934258987e-03  -7.1596836498e+00   8.3744022881e-04  -7.1596342048e+00   2.1962842523e-04
2ael_0   2ael    -6.3367323080e+00  -7.9739421375e+00   8.2526540141e+01  -6.1133556387e+00   2.3318422405e+01  -7.1411081809e+00   7.4883988250e+00  -6.3475532726e+00   2.2013978151e+00  -6.3671435749e+00   7.8730069643e-01  -6.3781279263e+00   2.4150299176e-01  -6.3463093376e+00   7.2798043944e-02  -6.3377515553e+00   2.6075468309e-02  -6.3345131533e+00   7.3458377413e-03  -6.3365277774e+00   2.3812994784e-03  -6.3367385296e+00   7.9073167464e-04  -6.3367233061e+00   2.5009652835e-04
2bjm_0   2bjm    -5.0004681310e+00   7.9225407549e-01   6.7553169344e+01  -1.4172545128e+00   2.1808191642e+01  -4.7385596537e+00   5.9539161145e+00  -4.8985949770e+00   2.1190638150e+00  -4.9194400620e+00   7.1086093083e-01  -4.9952358897e+00   2.2836568499e-01  -4.9980108916e+00   7.6165814384e-02  -5.0017229981e+00   2.3326060621e-02  -5.0010459070e+00   7.2633202305e-03  -5.0004576220e+00   2.1861653313e-03  -5.0005155965e+00   6.6361973429e-04  -5.0004985563e+00   2.4918327036e-04
2gtv_0   2gtv    -6.7330209490e+00  -9.2423187628e+00   8.3644373693e+01  -9.7044347009e+00   2.8229539158e+01  -7.3883536300e+00   8.3549055314e+00  -6.9158950971e+00   2.5494807376e+00  -6.8153188639e+00   9.4466193996e-01  -6.6893889700e+00   2.6112970072e-01  -6.7236317610e+00   8.9859831527e-02  -6.7301331711e+00   2.6108549556e-02  -6.7344139007e+00   8.4980594810e-03  -6.7330468022e+00   2.6385158031e-03  -6.7331649534e+00   7.9669602449e-04  -6.7330276776e+00   2.8793492552e-04
2os9_0   2os9    -3.4894022410e+00  -2.2860952996e+00   6.7712414806e+01  -2.8136557533e+00   2.0293885858e+01  -2.5041536204e+00   6.7021701872e+00  -3.4993084897e+00   2.4621831745e+00  -3.5938649083e+00   7.8352544968e-01  -3.4789525696e+00   2.3550416066e-01  -3.4951244956e+00   6.9176606337e-02  -3.4875648093e+00   1.9832666636e-02  -3.4895964068e+00   6.9365131051e-03  -3.4893989963e+00   2.0139857320e-03  -3.4894237705e+00   7.0837439750e-04  -3.4893883289e+00   2.2207499863e-04
2q9y_0   2q9y    -6.0314811750e+00  -2.5246913911e+00   8.0394718153e+01  -7.9948560719e-01   2.5287224372e+01  -5.7626081002e+00   8.4100121167e+00  -6.5794509607e+00   2.5019218237e+00  -6.0746073584e+00   9.3139442786e-01  -6.0401600483e+00   2.5766177951e-01  -6.0310920932e+00   7.9546926197e-02  -6.0272175230e+00   2.6974013940e-02  -6.0312545645e+00   9.1670453843e-03  -6.0316255660e+00   2.4373536961e-03  -6.0315136366e+00   8.1539109644e-04  -6.0314768399e+00   3.0308118044e-04
2ybs_0   2ybs    -8.0937320530e+00  -5.7730424525e-01   9.3446656795e+01  -9.9411791032e+00   3.1588681497e+01  -8.4759809288e+00   8.0221410700e+00  -8.3064844024e+00   2.5321425324e+00  -8.0583128534e+00   8.9814552642e-01  -8.0958399386e+00   3.0589937625e-01  -8.0946509227e+00   9.2995080106e-02  -8.0922698776e+00   2.9811775759e-02  -8.0938346238e+00   9.6395941717e-03  -8.0933419235e+00   3.2675529813e-03  -8.0936388182e+00   9.5521369963e-04  -8.0937201626e+00   3.1592581041e-04
3b9s_0   3b9s    -5.8603955880e+00  -5.4983485170e+00   5.5318770954e+01  -5.2476885111e+00   1.9493028765e+01  -6.6610875122e+00   5.9273277482e+00  -5.9288368626e+00   2.0771338568e+00  -5.8746943014e+00   6.3412405612e-01  -5.8576397180e+00   2.0352005464e-01  -5.8515710775e+00   6.0591936695e-02  -5.8598134577e+00   2.0084845115e-02  -5.8602851554e+00   6.6165439421e-03  -5.8604871101e+00   2.0264585480e-03  -5.8603738224e+00   6.6346988381e-04  -5.8604071148e+00   2.0430815680e-04
4gui_0   4gui    -8.9668463330e+00  -3.1322129668e+01   9.0922865433e+01  -1.3542877648e+01   2.7640524682e+01  -9.4033990722e+00   8.9165661740e+00  -8.6657516515e+00   2.7733930783e+00  -8.8994507931e+00   8.3808324044e-01  -8.9572401223e+00   2.6239146682e-01  -8.9587777234e+00   8.5909595890e-02  -8.9648424652e+00   2.8296307994e-02  -8.9660594888e+00   8.9882712609e-03  -8.9666896558e+00   2.6329892310e-03  -8.9668764077e+00   8.2361929050e-04  -8.9668987880e+00   2.5679736532e-04
4lm3_0   4lm3    -6.4820235040e+00  -6.0505955291e+00   7.9036966658e+01  -7.4656541609e+00   2.2271015757e+01  -6.8030163602e+00   6.4146051605e+00  -6.2835434570e+00   2.5984948263e+00  -6.5172623478e+00   7.1525647638e-01  -6.4656351535e+00   2.2601435227e-01  -6.4778886830e+00   8.4398571970e-02  -6.4763172750e+00   2.6133525893e-02  -6.4815691558e+00   7.2006992247e-03  -6.4822353615e+00   2.5882810341e-03  -6.4820969462e+00   7.7780878553e-04  -6.4819880033e+00   2.6164400212e-04
4pnc_0   4pnc    -5.2603170560e+00   8.1674448141e+00   6.7639714563e+01  -8.4490808422e-01   2.4185874096e+01  -6.3640354477e+00   8.0265593673e+00  -5.5859689808e+00   2.1247858926e+00  -5.2754746477e+00   8.1136944748e-01  -5.2234959024e+00   2.2818541397e-01  -5.2450923163e+00   7.3279974580e-02  -5.2646781306e+00   2.4370221274e-02  -5.2613944329e+00   7.5163440861e-03  -5.2601640774e+00   2.4300755813e-03  -5.2602542066e+00   7.3171770006e-04  -5.2603513646e+00   2.3475398736e-04
6cjw_0   6cjw    -6.4646852420e+00   4.5814483111e+00   7.2936335354e+01  -6.8435384147e+00   2.4242979193e+01  -5.7859874295e+00   7.3665688115e+00  -6.1935454355e+00   2.5814727771e+00  -6.4133117842e+00   6.8621498513e-01  -6.5045370103e+00   2.2739005013e-01  -6.4657270844e+00   8.3499207231e-02  -6.4668082967e+00   2.4539073476e-02  -6.4650556006e+00   7.5762986513e-03  -6.4645133442e+00   2.5380891863e-03  -6.4646903358e+00   6.9162538880e-04  -6.4646969565e+00   2.0545502307e-04
6o4x_0   6o4x    -8.2654151400e+00  -4.7636963727e+00   9.2576826262e+01  -2.5117671783e+00   2.7099847557e+01  -8.9037815838e+00   7.4138578446e+00  -8.2657710674e+00   2.7990946747e+00  -8.1654302992e+00   8.4279086097e-01  -8.2674188732e+00   2.8260460693e-01  -8.2690917968e+00   9.0072697006e-02  -8.2687948669e+00   2.5749754831e-02  -8.2639038727e+00   8.1818528706e-03  -8.2650089725e+00   2.4268442910e-03  -8.2653343060e+00   8.7299973912e-04  -8.2653966402e+00   2.4750409964e-04

map_4
map      occ                 col08              col09              col10              col11              col12              col13              col14              col15              col16              col17              col18              col19              col20              col21              col22              col23              col24              col25              col26              col27              col28              col29              col30              col31              col32
1ecq_0   1ecq    -8.3544630100e+00  -1.0933741927e+02   6.2790918613e+02  -3.1912303673e+01   2.1351368938e+02  -5.2090835522e+00   7.1684899536e+01  -1.0622619189e+01   2.1481961027e+01  -7.6257960869e+00   6.8843817755e+00  -8.5217851255e+00   2.4364235142e+00  -8.3023582589e+00   6.8229322359e-01  -8.3506944652e+00   1.9867227445e-01  -8.3499488106e+00   7.2661747806e-02  -8.3522008788e+00   2.4580724670e-02  -8.3542183982e+00   7.6388939632e-03  -8.3547834065e+00   2.1445359211e-03
1h0r_0   1h0r    -8.1316216790e+00   2.4093905050e+01   6.0613284490e+02  -5.0769299927e+00   2.0310141400e+02  -9.4310428338e+00   7.0766580430e+01  -1.0898189552e+01   2.1541837559e+01  -8.3630804925e+00   6.2568966061e+00  -8.0895974603e+00   2.1401207078e+00  -8.0887283587e+00   7.5368733438e-01  -8.1632037378e+00   2.0281305249e-01  -8.1361367826e+00   6.6644863846e-02  -8.1312613413e+00   2.1740550378e-02  -8.1311401871e+00   6.4993985502e-03  -8.1311226853e+00   2.2226015094e-03
1we2_0   1we2    -5.7282632830e+00  -6.7500989343e+01   5.8934942122e+02  -4.8540037280e+00   1.9505645119e+02  -2.1084578694e+00   5.4147495999e+01  -4.8805490609e+00   1.9339149236e+01  -5.6055400240e+00   6.4529305408e+00  -5.6527527946e+00   1.7072317826e+00  -5.7991192096e+00   6.0795616839e-01  -5.7232865503e+00   2.0517020819e-01  -5.7295522728e+00   6.0270091101e-02  -5.7272126195e+00   2.0513158338e-02  -5.7270644068e+00   5.0515946776e-03  -5.7284043474e+00   1.7631774780e-03
2aa9_0   2aa9    -7.1829524970e+00   6.6744723261e+01   6.4815427472e+02  -3.6550681786e+00   2.0773726963e+02  -4.2033284054e+00   6.0165826757e+01  -6.6498403449e+00   1.6262062422e+01  -7.4333757212e+00   5.2086766430e+00  -7.0184142417e+00   1.8791425181e+00  -7.2209765310e+00   5.9142798040e-01  -7.1850174935e+00   1.8240042338e-01  -7.1794822185e+00   5.7886917474e-02  -7.1827238929e+00   1.8493467326e-02  -7.1836533169e+00   5.8051774084e-03  -7.1828167369e+00   1.9469483419e-03
2ael_0   2ael    -6.3460691150e+00   2.1504877109e+01   6.0015389777e+02  -9.7142720735e+00   1.8917484190e+02   8.5722889443e+00   6.2085569159e+01  -7.9130532288e+00   1.8478580690e+01  -6.5584684351e+00   5.9424310735e+00  -6.6108216877e+00   1.8263574633e+00  -6.4045209523e+00   5.4077360851e-01  -6.3474376649e+00   1.9960050317e-01  -6.3447123889e+00   5.6800536914e-02  -6.3450934464e+00   2.0490855676e-02  -6.3460234006e+00   5.2345830432e-03  -6.3459049593e+00   1.6924719777e-03
2bjm_0   2bjm    -5.0004681310e+00  -3.3047889914e+01   5.4450743103e+02   5.4600861597e+00   1.8594512739e+02  -1.3930404031e+01   5.2301660144e+01  -5.4859497258e+00   1.8256938918e+01  -4.9015768202e+00   5.8714726393e+00  -4.8667184807e+00   1.8824705175e+00  -4.9640172160e+00   6.2203231866e-01  -5.0013970377e+00   1.7906503291e-01  -5.0029904345e+00   5.6096724658e-02  -4.9978277004e+00   1.8003905522e-02  -5.0000305851e+00   5.2250495927e-03  -5.0002816459e+00   1.7732026200e-03
2gtv_0   2gtv    -6.7330209490e+00  -1.3625404529e+02   6.0030806682e+02  -3.4936934690e+00   2.1342848570e+02  -1.4629841401e+01   6.4295089428e+01  -6.9096522583e+00   2.5510553827e+01  -6.9055471684e+00   7.1756873932e+00  -6.5566145332e+00   1.9714724981e+00  -6.7197717651e+00   7.4372488218e-01  -6.7411715110e+00   2.1546983562e-01  -6.7380510313e+00   7.0829861385e-02  -6.7336322550e+00   2.1412195243e-02  -6.7341087761e+00   7.0090204297e-03  -6.7329262206e+00   2.2702037773e-03
2os9_0   2os9    -4.0213171380e+00  -6.3001417655e+00   5.2355886155e+02   1.0962246672e+01   1.5327499305e+02  -8.5492923758e+00   5.1701134443e+01  -5.5491648670e+00   1.7340291306e+01  -4.9328849995e+00   5.0312873936e+00  -4.2928157967e+00   1.4653149969e+00  -4.0252802767e+00   5.4508163080e-01  -4.0441134164e+00   1.4179801421e-01  -4.0235732469e+00   4.5236904234e-02  -4.0234398767e+00   1.5146816987e-02  -4.0217641684e+00   4.3903234424e-03  -4.0211259118e+00   1.5664411281e-03
2q9y_0   2q9y    -6.0637588780e+00   4.7355896179e+01   6.5263557373e+02   1.2684615048e+01   2.1758964286e+02   3.8899486147e-01   7.4345265495e+01  -7.4517885201e+00   2.1953598402e+01  -6.6463154646e+00   6.9676309567e+00  -6.1998592970e+00   2.3534144211e+00  -5.9960936408e+00   6.7688476958e-01  -6.0472338651e+00   2.1986168452e-01  -6.0685615316e+00   6.7983539568e-02  -6.0641996299e+00   2.0407449679e-02  -6.0631900413e+00   6.4845229511e-03  -6.0634702004e+00   2.0745060670e-03
2ybs_0   2ybs    -8.4316525800e+00   9.4625517959e+00   7.6762282963e+02   1.2301317335e+00   2.4049265258e+02  -2.8293029870e+00   7.6006789078e+01  -7.2672397793e+00   2.3595798938e+01  -8.2926018919e+00   7.6716929177e+00  -8.5148866961e+00   2.3666345434e+00  -8.5212767573e+00   7.1331269506e-01  -8.4012861123e+00   2.3149917017e-01  -8.4335364949e+00   7.2859897092e-02  -8.4307608673e+00   2.4462893787e-02  -8.4314165031e+00   6.7747954861e-03  -8.4320508144e+00   2.2118019213e-03
3b9s_0   3b9s    -5.8839061510e+00   5.9730490521e+01   5.6065029841e+02   1.4733520995e+01   1.4962448406e+02  -9.7559801185e-01   5.1149305944e+01  -8.4432366712e+00   1.6256261808e+01  -5.4150335362e+00   5.0022615591e+00  -5.8694166511e+00   1.5998036553e+00  -5.8819952287e+00   4.4318241025e-01  -5.8804162864e+00   1.7833321851e-01  -5.8772267777e+00   5.0984566429e-02  -5.8835301324e+00   1.5115616505e-02  -5.8839262668e+00   4.6086682107e-03  -5.8839945485e+00   1.5467818196e-03
4gui_0   4gui    -9.0453795210e+00   1.8767758727e+00   7.1515014399e+02  -1.9424630282e+01   2.5635483765e+02  -8.9146853951e-01   7.8949220030e+01  -6.7029050292e+00   2.5437495403e+01  -7.8115165372e+00   7.5327072410e+00  -8.7455222018e+00   2.2600818010e+00  -9.1083921249e+00   6.6693650017e-01  -9.0339577862e+00   2.4327073550e-01  -9.0509092106e+00   7.6148914943e-02  -9.0478970304e+00   2.4741449482e-02  -9.0455393954e+00   7.6876577911e-03  -9.0452447325e+00   2.1901706677e-03
4lm3_0   4lm3    -6.4512816770e+00  -1.9848227221e+01   6.0546121575e+02  -1.4141861895e+01   1.8515751772e+02  -8.4106862848e+00   5.7854379294e+01  -6.8600435332e+00   1.8602580862e+01  -8.0286079108e+00   6.9737354571e+00  -6.5190427194e+00   2.0124025027e+00  -6.4783397944e+00   6.8941540716e-01  -6.4601829670e+00   2.0186164914e-01  -6.4473248884e+00   6.4574151046e-02  -6.4550359503e+00   2.0021855283e-02  -6.4526549214e+00   6.1491870040e-03  -6.4510503227e+00   2.2345468373e-03
4pnc_0   4pnc    -5.2612789390e+00  -8.4597454714e+01   6.4560146927e+02  -1.5522468755e-01   1.9145643024e+02  -3.3994206573e+00   6.0023332746e+01  -4.6598451202e+00   1.8728047850e+01  -6.0605927006e+00   5.5697731546e+00  -5.5465118192e+00   1.7954288889e+00  -5.2416233685e+00   5.6330321587e-01  -5.2644625857e+00   1.9275833750e-01  -5.2618632552e+00   6.9008838982e-02  -5.2639802848e+00   1.9554372228e-02  -5.2607727439e+00   5.7296910040e-03  -5.2610140505e+00   1.8233884948e-03
6cjw_0   6cjw    -6.4709056050e+00  -4.8683255668e+00   6.7697410629e+02  -1.2170813917e+00   2.0871824884e+02  -5.4525246349e+00   5.4129261962e+01  -7.2318976295e+00   2.4304143067e+01  -6.1787976707e+00   6.3877437462e+00  -6.8618480893e+00   1.9698607021e+00  -6.5854618875e+00   5.8392242338e-01  -6.4718028755e+00   1.8021544664e-01  -6.4752791926e+00   6.6554264795e-02  -6.4705730391e+00   1.7373870691e-02  -6.4699397528e+00   6.2739685362e-03  -6.4707095151e+00   1.9911316863e-03
6o4x_0   6o4x    -9.7084400820e+00   1.0676052774e+01   6.3726580541e+02  -3.5148850670e+01   1.9283023095e+02  -3.5066727187e+00   6.3997888414e+01  -1.1832351412e+01   1.9771672416e+01  -1.0619798188e+01   6.5730587324e+00  -9.6354414850e+00   1.9306978158e+00  -9.7682072349e+00   6.6835640444e-01  -9.7228455079e+00   2.0993325631e-01  -9.7211274600e+00   6.1178977731e-02  -9.7097347041e+00   1.9815143287e-02  -9.7082273113e+00   6.7297712950e-03  -9.7080971536e+00   1.9455378599e-03

map_5
map      occ                 col08              col09              col10              col11              col12              col13              col14              col15              col16              col17              col18              col19              col20              col21              col22              col23              col24              col25              col26              col27              col28              col29              col30              col31              col32
1ecq_0   1ecq    -7.8244019020e+00   1.5455642629e+02   5.3424876572e+03   1.0450958349e+02   1.8474264255e+03  -1.9761143075e+02   5.4905721131e+02  -1.9650745628e+01   1.7348315022e+02  -6.9476793530e-01   5.8414540943e+01  -6.7564709742e+00   1.8939646903e+01  -7.8363052059e+00   5.7788821140e+00  -7.5553797656e+00   1.7865623338e+00  -7.8492286991e+00   5.4205492152e-01  -7.8218306286e+00   1.7906912234e-01  -7.8234291196e+00   6.1468635208e-02  -7.8241041819e+00   1.5492403215e-02
1h0r_0   1h0r    -8.1316216790e+00  -1.3475753367e+02   6.2205377552e+03  -1.4185003544e+02   1.6669398720e+03  -3.3405683346e+01   6.2520434105e+02   8.1492845360e+00   1.6896928926e+02  -8.3734075919e+00   5.7043968797e+01  -9.4530282117e+00   1.6855588658e+01  -9.7638996568e+00   5.0708931145e+00  -8.0391585517e+00   1.6075057636e+00  -8.1698504506e+00   5.2809601194e-01  -8.1384726979e+00   1.7437350984e-01  -8.1251838894e+00   5.4950920077e-02  -8.1319034362e+00   1.8202350071e-02
1we2_0   1we2    -5.7282632830e+00   3.8063278449e+02   4.4968453392e+03   1.3383539842e+02   1.4780448814e+03  -6.4953142901e+01   5.3469697239e+02  -1.2346008542e+01   1.7692083497e+02  -7.5537190005e+00   4.4218379721e+01  -7.1825406433e+00   1.5491549067e+01  -5.7513552344e+00   4.7046922582e+00  -5.6551613487e+00   1.4406011314e+00  -5.7109783839e+00   4.4735013210e-01  -5.7373027078e+00   1.4482995117e-01  -5.7263260497e+00   4.5742536648e-02  -5.7269613476e+00   1.5453336301e-02
2aa9_0   2aa9    -7.1829524970e+00  -2.6625975163e+02   5.1035636292e+03  -2.0911131714e+02   1.6358229757e+03   8.9619135916e+00   5.0139750522e+02  -2.6846775933e+01   1.7640923873e+02  -8.4222505340e+00   5.3636504536e+01  -7.8579746848e+00   1.5082561587e+01  -7.0741449408e+00   5.9350549084e+00  -7.1014242265e+00   1.5812777314e+00  -7.1259033038e+00   5.4976706567e-01  -7.1875736342e+00   1.6151050315e-01  -7.1829582668e+00   4.6065787785e-02  -7.1841420564e+00   1.7463551848e-02
2ael_0   2ael    -6.3460691150e+00  -2.3848727947e+01   4.2098649813e+03  -2.1165746053e+02   1.6133512404e+03  -4.1317921167e+01   5.1109530792e+02  -5.4255856078e+00   1.5880392771e+02   2.3699673397e+00   4.3573284557e+01  -6.5068273111e+00   1.4037225265e+01  -6.0924973983e+00   4.9022865219e+00  -6.5094846556e+00   1.6595935912e+00  -6.3925009810e+00   4.1536964186e-01  -6.3671074398e+00   1.4898183984e-01  -6.3465275848e+00   4.5642204154e-02  -6.3456204400e+00   1.3406474881e-02
2bjm_0   2bjm    -5.0004681310e+00  -5.3798608292e+01   4.9607287885e+03   8.1295674752e+01   1.4740524310e+03   6.8921994845e+01   4.4185872948e+02  -9.7973243322e+00   1.5197273970e+02  -3.6858024303e+00   5.0299050891e+01  -5.5417348639e+00   1.4575603110e+01  -4.6310798437e+00   4.3552785347e+00  -4.8678929487e+00   1.4496122221e+00  -5.0025977298e+00   4.5770035450e-01  -5.0029124637e+00   1.3140359330e-01  -5.0013922047e+00   4.5334794082e-02  -5.0038055717e+00   1.4530195132e-02
2gtv_0   2gtv    -6.7330209490e+00   9.9487068237e+01   5.3921250022e+03  -5.6139131362e+01   1.7610340519e+03  -7.4473176795e+01   5.6434287102e+02   1.2748557173e+01   1.7557452955e+02  -1.2978798673e+01   5.5449115235e+01  -1.0205809833e+01   1.7715318998e+01  -7.2058980960e+00   6.0899939657e+00  -6.7962728837e+00   1.5892861487e+00  -6.8125867021e+00   5.4987198671e-01  -6.6965160421e+00   1.7154686211e-01  -6.7324394218e+00   5.8580259934e-02  -6.7369832226e+00   1.7421340644e-02
2os9_0   2os9    -4.0213171380e+00   4.4924116064e+02   3.8239747015e+03  -1.5697622165e+02   1.3299812206e+03  -2.6593011233e+01   4.3440057061e+02  -6.6301798880e+00   1.2293590631e+02   1.3880002756e+00   3.3883451703e+01  -3.9933924597e+00   1.3501336026e+01  -4.1868191796e+00   4.4435809907e+00  -4.0558096134e+00   1.2626313656e+00  -4.0502884396e+00   3.9889800936e-01  -4.0146221459e+00   1.2444531368e-01  -4.0180536440e+00   3.8546878994e-02  -4.0212898090e+00   1.1384292307e-02
2q9y_0   2q9y    -6.0637588780e+00   1.5423026158e+02   5.8191350363e+03  -1.1917792940e+01   1.6793535325e+03   4.9073265047e-01   4.6481058619e+02   1.5801591345e+01   1.5528359130e+02  -1.3143222473e+01   5.0003044521e+01  -7.3783757138e+00   1.8040442207e+01  -5.6323839958e+00   4.7009381606e+00  -6.1867205051e+00   1.7502195470e+00  -6.0460244397e+00   5.6655979141e-01  -6.0669939646e+00   1.6166805840e-01  -6.0530270305e+00   6.1535855965e-02  -6.0643394347e+00   1.7104540869e-02
2ybs_0   2ybs    -8.4316525800e+00   1.0126536105e+03   6.7374337334e+03  -3.1400111954e+02   2.0333074108e+03  -3.2813116992e+01   6.0928095709e+02  -2.0904624534e+01   1.9165275432e+02  -1.1095229559e+01   6.2214464213e+01  -6.9044921173e+00   1.8536789855e+01  -7.8038619740e+00   6.0621488835e+00  -8.3794134660e+00   1.9324834440e+00  -8.4538967296e+00   6.5295519408e-01  -8.4057651700e+00   1.8635520869e-01  -8.4313148061e+00   5.9331786772e-02  -8.4333901068e+00   1.9301908168e-02
3b9s_0   3b9s    -5.8839061510e+00   5.4534624219e+02   4.2929768526e+03   3.5057972712e+01   1.5473478116e+03  -6.6220615123e+01   4.1044728903e+02   1.7951907932e+01   1.4620153860e+02  -1.5190118748e+01   4.2731792555e+01  -4.1316655555e+00   1.2477858103e+01  -5.2890794832e+00   3.8304645518e+00  -5.7567578475e+00   1.4328380995e+00  -5.8943991767e+00   4.0823227480e-01  -5.8790058553e+00   1.3336430793e-01  -5.8814408207e+00   4.4335504955e-02  -5.8862697065e+00   1.5351772391e-02
4gui_0   4gui    -9.0453795210e+00  -9.5226168508e+02   6.5811117761e+03  -6.5032505323e+01   1.7540765369e+03  -1.3858117206e+01   5.8282645681e+02  -2.7723976376e+01   1.9995844213e+02  -1.9028975575e+01   6.2970962195e+01  -9.8643471824e+00   1.9686216082e+01  -8.8664620980e+00   6.4263087335e+00  -9.1048913916e+00   1.9303718471e+00  -9.0819120011e+00   6.0350449788e-01  -9.0349376599e+00   1.9868866159e-01  -9.0473444660e+00   6.1860366362e-02  -9.0471125767e+00   1.9634050230e-02
4lm3_0   4lm3    -6.4512816770e+00  -4.1871748568e+02   4.7039421853e+03  -1.7306989408e+02   1.8054863935e+03  -9.0722121898e+00   6.1054597781e+02   6.8669667652e+00   1.7860255417e+02  -9.0554634904e+00   4.9912780729e+01  -5.0948147933e+00   1.6466920271e+01  -5.8369147718e+00   5.3635945008e+00  -6.7760171401e+00   1.5849330582e+00  -6.3623472937e+00   4.8033969327e-01  -6.4379187027e+00   1.7429224384e-01  -6.4436277585e+00   4.9483579508e-02  -6.4520438571e+00   1.8590811733e-02
4pnc_0   4pnc    -5.2612789390e+00   1.9855804962e+02   5.2119166634e+03   7.0819037697e+01   1.6632324734e+03   5.3941603480e+01   4.9985670610e+02  -1.0404441800e+01   1.5734160455e+02  -9.5923393771e+00   4.9668867367e+01  -3.1321208607e+00   1.6455827631e+01  -4.7681266733e+00   4.8620531828e+00  -4.8955493161e+00   1.6464197197e+00  -5.2132580801e+00   4.8080455662e-01  -5.2774440942e+00   1.5090245936e-01  -5.2621335160e+00   5.4404108551e-02  -5.2630974279e+00   1.4562335315e-02
6cjw_0   6cjw    -6.4709056050e+00  -4.1206168836e+02   4.7104063691e+03   1.5401649991e+02   1.7224112690e+03   6.3160275183e+01   5.1135920421e+02   2.5446498034e+01   1.5892135654e+02  -3.8862145789e+00   4.4801523603e+01  -6.7378841157e+00   1.6341289700e+01  -6.2566230841e+00   4.9971799909e+00  -6.7739496461e+00   1.8264085655e+00  -6.4521393975e+00   4.9418623994e-01  -6.4736103986e+00   1.8187115315e-01  -6.4673557568e+00   4.6336256926e-02  -6.4712887936e+00   1.6707451108e-02
6o4x_0   6o4x    -9.7084400820e+00   7.8245746661e+02   4.8827186009e+03   1.8886904366e+02   1.5478802036e+03   2.3001551389e+01   4.9740982700e+02   1.9257897131e+01   1.6473343154e+02  -1.8459250889e+01   5.4075347379e+01  -8.5472011178e+00   1.5977308891e+01  -1.0047340714e+01   5.1652428476e+00  -9.6427629869e+00   1.6811448992e+00  -9.6151488487e+00   5.3624169676e-01  -9.7026843824e+00   1.6210665999e-01  -9.7033120509e+00   5.7516184702e-02  -9.7067129046e+00   1.6942006714e-02

map_6
map      occ                 col08              col09              col10              col11              col12              col13              col14              col15              col16              col17              col18              col19              col20              col21              col22              col23              col24              col25              col26              col27              col28              col29              col30              col31              col32
1ecq_0   1ecq    -7.8244019020e+00   2.4627241878e+03   3.9234344545e+04  -8.3263532064e+02   1.5210354550e+04   7.8455356269e+02   4.4468228068e+03   1.3673982871e+02   1.4395639890e+03   6.3004693805e+01   3.8341086722e+02   4.9430392627e-01   1.3667492837e+02  -1.0583498561e+01   4.5403578258e+01  -5.9281406651e+00   1.4962327098e+01  -7.9344434882e+00   4.5727821501e+00  -7.8619646359e+00   1.3588532536e+00  -7.8406345477e+00   4.6784546337e-01  -7.8299143815e+00   1.3129491087e-01
1h0r_0   1h0r    -8.1316216790e+00  -3.6446915951e+03   4.3457993632e+04  -2.0690633824e+03   1.4267124553e+04   4.7661351628e+02   4.1460832040e+03  -3.8353370016e+01   1.5569891376e+03   2.1419572143e+00   3.9960429435e+02  -8.2207420731e+00   1.4423873118e+02  -1.3367607327e+01   3.7816143504e+01  -9.2835453567e+00   1.4772998176e+01  -7.9262964107e+00   4.6526117190e+00  -7.9161125817e+00   1.2267899419e+00  -8.1257563524e+00   4.3500326736e-01  -8.0958403913e+00   1.3791433896e-01
1we2_0   1we2    -5.7282632830e+00  -3.8030168758e+03   3.8761750483e+04  -3.4660406970e+02   1.2975767026e+04  -6.4843844706e+02   3.7347589040e+03   5.9548504752e+01   1.0462454924e+03  -2.4912167509e+01   3.9537697254e+02   6.9142697959e+00   1.2871153423e+02  -3.1603551633e-01   3.5295709277e+01  -4.7775856827e+00   1.1506913543e+01  -5.7524746170e+00   3.9756217512e+00  -5.5848065350e+00   1.1265060738e+00  -5.7908314938e+00   4.0380347279e-01  -5.7263044987e+00   1.3308591646e-01
2aa9_0   2aa9    -7.1829524970e+00   2.0547645066e+02   4.0050208834e+04  -1.6900438067e+03   1.2884093041e+04  -2.5427710770e+02   4.3027596627e+03   5.3988937412e+01   1.3024900811e+03  -3.5100514684e+01   3.3514655744e+02  -7.1736965838e+00   1.3678799347e+02  -8.7649062177e+00   3.7305879700e+01  -7.1669158609e+00   1.1420422954e+01  -7.6021221751e+00   4.2725750853e+00  -7.0209364007e+00   1.2298401127e+00  -7.2032603608e+00   4.3128689287e-01  -7.1740549691e+00   1.2435113426e-01
2ael_0   2ael    -6.3460691150e+00   1.1950613699e+03   3.1164784757e+04   9.2847075661e+02   1.2315396794e+04   1.0158021644e+02   3.4986237762e+03   5.7822584743e+01   1.0772024062e+03   1.0116654135e+01   3.4148575385e+02   5.2748170311e+00   1.1389746308e+02  -5.6761737958e+00   3.6459399046e+01  -5.6249286450e+00   1.0474704694e+01  -6.1990108469e+00   3.9560437588e+00  -6.2857453216e+00   1.1784123371e+00  -6.3781982063e+00   3.2662738544e-01  -6.3651054062e+00   1.1997412198e-01
2bjm_0   2bjm    -5.0004681310e+00   7.6876868913e+03   3.6377555380e+04  -1.1863714338e+03   1.0305309963e+04   6.7528262015e+02   3.4825832838e+03  -1.9314126943e+02   1.0426318789e+03  -2.1193339294e+01   3.9322990027e+02  -9.5355790367e+00   1.1457782229e+02  -2.1889502052e+00   3.8221679886e+01  -5.0738401299e+00   1.2077530122e+01  -5.1875827793e+00   3.9593419695e+00  -5.0034157454e+00   1.1304744426e+00  -4.9922722961e+00   3.5532922964e-01  -4.9877586573e+00   1.1784303016e-01
2gtv_0   2gtv    -6.7330209490e+00   3.7264026196e+03   4.2819983896e+04  -7.1190975420e+02   1.3812855162e+04   1.2736510446e+02   4.7313166219e+03  -6.6797157406e+01   1.3289965286e+03   8.9617202105e+01   4.3410912530e+02  -1.3155313606e+01   1.4371351592e+02  -2.7828441056e+00   4.2118973965e+01  -7.2815186401e+00   1.2781070194e+01  -6.7590608636e+00   4.7925731371e+00  -6.8941019681e+00   1.1982796076e+00  -6.7410615269e+00   4.7300216316e-01  -6.7414310003e+00   1.3566980926e-01
2os9_0   2os9    -4.0213171380e+00   6.6868436011e+03   3.2213014222e+04   7.2234421617e+02   9.2359968414e+03   4.8046209578e+02   3.0146920330e+03   2.2846715637e+02   1.0814921676e+03   2.0927343863e+01   3.2036797959e+02   5.9438609788e-01   1.0916492697e+02  -2.8490906958e+00   3.4395029287e+01  -3.3389886709e+00   1.0783429138e+01  -4.1933481033e+00   3.4576171309e+00  -3.9839795629e+00   9.6198025811e-01  -4.0335374490e+00   3.3711413653e-01  -4.0193658290e+00   9.3704815871e-02
2q9y_0   2q9y    -6.0637588780e+00   2.2156931440e+02   4.6537548458e+04   3.2072158259e+03   1.3238860178e+04  -5.8992829958e+02   4.8411407071e+03   3.9882476591e+00   1.3226888599e+03  -1.0479120724e+02   3.7888163294e+02  -1.1522158272e+01   1.3122866635e+02  -9.0473398147e+00   4.5567986316e+01  -6.1577159049e+00   1.4095809657e+01  -5.7620501634e+00   4.0202662906e+00  -6.0357897455e+00   1.1129048010e+00  -6.1414652026e+00   4.3731376393e-01  -6.0674909131e+00   1.3226657811e-01
2ybs_0   2ybs    -8.4316525800e+00   9.9907413321e+03   5.1117246668e+04   1.9919428370e+03   1.5426527242e+04   3.3633427341e+02   4.6411810014e+03  -1.1771699570e+02   1.5894049276e+03  -1.0793103353e+02   5.3527352124e+02   4.0521453974e-01   1.5632504501e+02  -9.1524498746e+00   4.8722497899e+01  -7.6778226594e+00   1.6435394489e+01  -8.4920314659e+00   5.1991650177e+00  -8.6256038922e+00   1.3114895436e+00  -8.4155065822e+00   4.6410679826e-01  -8.4401920490e+00   1.5491601862e-01
3b9s_0   3b9s    -5.8839061510e+00  -2.5538150900e+03   3.3710548586e+04  -2.9704901836e+03   1.0295646246e+04  -6.9938690447e+02   3.5331301112e+03  -9.3639886634e+00   1.0428191548e+03  -5.5529796887e+01   3.4089153343e+02  -2.1676065624e+01   1.1727911928e+02  -7.9925899600e+00   3.2141239580e+01  -5.4180128014e+00   1.1185366814e+01  -5.8249807094e+00   3.3309468799e+00  -5.9721840001e+00   1.0290158965e+00  -5.8935374364e+00   3.5362285680e-01  -5.8904799871e+00   1.1068131970e-01
4gui_0   4gui    -9.0453795210e+00   5.9816138987e+03   5.0719441212e+04  -2.2217423052e+03   1.6325100133e+04   6.2929019689e+02   5.1341000127e+03  -9.1799462282e+01   1.4797741731e+03   1.6455541909e+01   4.2732193263e+02  -1.7991229722e+01   1.4120616824e+02  -1.4037260861e+01   4.8580274045e+01  -7.9043731680e+00   1.5513708696e+01  -9.0655130714e+00   4.8301719604e+00  -9.1471735760e+00   1.3458334697e+00  -9.0722541061e+00   5.1222012990e-01  -9.0321615717e+00   1.6011398746e-01
4lm3_0   4lm3    -6.4512816770e+00  -2.4608864658e+03   4.4597113726e+04   7.8300933002e+01   1.3629520240e+04   6.5716854484e+02   4.5914606720e+03   4.5694187330e+01   1.3813720185e+03   1.1980042749e+01   4.2613545520e+02  -2.1812402765e-01   1.3184755870e+02  -8.9699870970e+00   4.1852206967e+01  -7.8304512473e+00   1.4471420935e+01  -6.3058062410e+00   4.1771618649e+00  -6.5318030359e+00   1.2758906534e+00  -6.4974842460e+00   4.9177417094e-01  -6.4487586654e+00   1.2216099517e-01
4pnc_0   4pnc    -5.2612789390e+00   5.2257801767e+03   4.0217007778e+04  -3.2324413464e+01   1.3097782829e+04  -3.4479374362e+01   3.8935535458e+03  -3.6903705371e+01   1.3054177632e+03   3.8363691380e+01   4.1626620698e+02   1.3674304376e+01   1.2644004515e+02  -2.3387251881e+00   4.0898351224e+01  -5.8433434833e+00   1.4927743418e+01  -4.8233406903e+00   4.5701242638e+00  -5.3496653230e+00   1.3696152453e+00  -5.2909305061e+00   3.8281951777e-01  -5.2798164203e+00   1.1834073828e-01
6cjw_0   6cjw    -6.4709056050e+00   4.8901658567e+03   3.8434354815e+04   7.4158559145e+02   1.2940668397e+04   2.0151782376e+02   4.6146308058e+03  -5.5027800409e+01   1.2869029038e+03  -6.5657193886e+01   4.1279837043e+02  -4.8950022844e+00   1.3619026023e+02  -1.1090251306e+01   3.6997182630e+01  -7.0185003827e+00   1.3473594361e+01  -6.7368074836e+00   4.3430789582e+00  -6.2009978682e+00   1.2888844501e+00  -6.4252927034e+00   4.4135448870e-01  -6.4622131999e+00   1.1753039247e-01
6o4x_0   6o4x    -9.7084400820e+00  -1.6563580813e+03   4.2877387712e+04   1.4319482767e+03   1.4940184773e+04   9.2435467117e+02   3.6969804985e+03   6.3048468901e+01   1.4275079481e+03   4.7649681835e+01   4.6357727752e+02  -3.1349515388e+01   1.3543877875e+02  -1.6342964603e+01   3.9109683355e+01  -1.0115832965e+01   1.1764632818e+01  -9.4950668236e+00   4.1354426988e+00  -9.5774969796e+00   1.4238987765e+00  -9.7561119829e+00   4.2651221085e-01  -9.7085380474e+00   1.4174706429e-01

map_7
map      occ                 col08              col09              col10              col11              col12              col13              col14              col15              col16              col17              col18              col19              col20              col21              col22              col23              col24              col25              col26              col27              col28              col29              col30              col31              col32
1ecq_0   1ecq    -7.8244019020e+00  -8.8019881974e+04   3.9871382213e+05  -4.0866373774e+03   1.1479766114e+05  -2.4474916161e+03   3.3266145586e+04   2.6531707281e+03   1.1441103718e+04   3.0483620349e+02   3.3843426491e+03  -4.1917223385e+01   1.1279597557e+03   4.8255103968e+01   4.1067382415e+02  -1.0731150488e+01   1.1756510612e+02  -1.3682093375e+01   3.4265886427e+01  -6.1820386876e+00   1.2110239339e+01  -8.1316814086e+00   3.6542330472e+00  -7.9037746628e+00   1.0148467153e+00
1h0r_0   1h0r    -8.1316216790e+00  -1.5417598004e+04   3.3198622514e+05  -6.4239991684e+02   9.5649841612e+04  -1.6873704482e+03   3.4456780161e+04   1.2158489093e+03   1.0636037227e+04  -3.1537553251e+02   2.7447495354e+03  -1.5655714240e+02   9.8952696232e+02  -1.3005600450e+01   3.4273770866e+02  -4.8254512153e+00   1.0765815889e+02  -1.1161565792e+01   4.1618392700e+01  -9.2713237374e+00   1.0551910869e+01  -8.1559006504e+00   3.2739958175e+00  -8.0671582325e+00   9.8040219495e-01
1we2_0   1we2    -5.7282632830e+00  -3.7640310563e+04   2.7359125808e+05  -1.3996348491e+04   8.4567268920e+04  -3.6726710792e+03   2.6758495122e+04  -5.7666417542e+02   7.6686930928e+03  -1.0674499724e+02   2.7851652194e+03   4.9451328401e+01   9.9519512447e+02  -3.4475966396e+01   2.8386108270e+02   6.9725934512e-02   8.0355387716e+01  -9.0932083505e+00   2.5358186500e+01  -5.3184914659e+00   9.5787224954e+00  -5.7171627985e+00   3.1138948512e+00  -5.7385563707e+00   9.3199395570e-01
2aa9_0   2aa9    -7.1829524970e+00  -3.6721334038e+04   2.8409126970e+05   2.7736326774e+03   8.6614072218e+04   1.1719574693e+03   3.0633258787e+04  -3.6682268789e+02   1.0332991859e+04   3.0459174627e+02   3.1837809923e+03  -7.6063946283e+01   8.6189638365e+02   1.5855021950e+01   3.2274238002e+02  -2.4424921879e+01   9.3676326973e+01  -1.0394204085e+01   3.3538269450e+01  -7.9471170420e+00   8.7478866028e+00  -7.3949981510e+00   3.2985342237e+00  -7.1614762769e+00   9.4517762399e-01
2ael_0   2ael    -6.3460691150e+00   3.2149532686e+04   2.6524847255e+05   1.8114360352e+04   7.9285529079e+04   1.4380866234e+03   2.6470828830e+04   8.7356848492e+02   8.3471650228e+03  -1.5670304480e+02   2.6623336148e+03   4.0218028308e+01   7.8403540335e+02  -2.1626264681e+01   2.5909940104e+02  -6.7966877649e-01   7.5706736396e+01  -5.9452678882e+00   2.8256302839e+01  -6.2611180336e+00   8.3539958149e+00  -6.2215206987e+00   2.8506738342e+00  -6.4839822759e+00   9.5737331765e-01
2bjm_0   2bjm    -5.0004681310e+00  -1.4477342081e+03   3.0394583301e+05  -9.6998191944e+03   8.7324207552e+04   1.8169064312e+03   2.9304676305e+04  -8.6502118935e+01   9.1159671025e+03  -7.6621332965e+01   2.6739663084e+03  -8.5593665720e+01   9.1153997770e+02  -1.8493718708e+01   2.7192822202e+02  -2.0546859169e+01   9.0795389582e+01  -5.2551014474e+00   2.5253855950e+01  -4.7951729384e+00   7.0163338520e+00  -5.2149698570e+00   2.5244657498e+00  -5.1375453790e+00   8.7414927216e-01
2gtv_0   2gtv    -6.7330209490e+00   7.5538393253e+03   3.3308659620e+05  -1.1330758988e+03   1.0942173468e+05   2.8326897470e+03   3.4687623294e+04   4.1797910933e+02   9.9511266077e+03  -2.9867041377e+02   3.5040504241e+03  -1.1153663422e+02   1.1174063770e+03   2.4517664161e+01   3.0858352467e+02  -8.8416849987e+00   1.1181543550e+02  -7.7515233004e+00   3.4508152467e+01  -7.2151155178e+00   1.0043548782e+01  -6.9277584892e+00   3.2945917706e+00  -6.5811758016e+00   1.0948819290e+00
2os9_0   2os9    -4.0213171380e+00   1.5525049379e+04   2.4535927039e+05   6.5902250425e+03   7.6286930016e+04  -2.9339174949e+03   2.7728394990e+04  -8.8175943717e+02   8.5703718184e+03  -2.5996536766e+02   2.7121797674e+03   6.6377507038e+01   7.7240804264e+02   1.0831098225e+01   2.4217558977e+02  -9.1532522760e+00   7.7663063327e+01  -1.5217494982e+00   2.4814303856e+01  -3.8536435987e+00   8.3046581057e+00  -3.8383749661e+00   2.0364905051e+00  -3.7734531099e+00   6.9529246046e-01
2q9y_0   2q9y    -6.0637588780e+00   4.8831128849e+04   2.6447070013e+05  -5.5684620617e+02   1.1014211010e+05   1.6191374303e+03   3.4929197262e+04  -1.0794249535e+03   9.4230437639e+03  -5.1542541530e+02   3.3653916839e+03   4.5190211347e+01   9.6310666235e+02   4.5534170965e+01   2.9347562523e+02   1.2753877003e+01   1.0538637946e+02  -5.9359934081e+00   2.9709024158e+01  -4.7688664621e+00   1.0578196893e+01  -6.3461393379e+00   3.3121734765e+00  -5.9617333969e+00   9.5683534281e-01
2ybs_0   2ybs    -8.4316525800e+00  -2.5068060289e+04   3.4980248063e+05   3.0270865254e+03   1.1639849249e+05   8.6555755336e+02   3.6682358162e+04   5.8413310295e+02   1.2268962181e+04  -4.7809047811e+02   3.9282904581e+03  -5.0225987208e+01   1.3073047083e+03   1.3122893070e+01   4.2572225111e+02  -6.5609262544e+00   1.0690884796e+02  -2.8030159050e+00   3.5488804496e+01  -7.0817662890e+00   1.1944233712e+01  -8.6349963588e+00   3.5783668010e+00  -8.4500871048e+00   1.1466339319e+00
3b9s_0   3b9s    -5.8839061510e+00  -3.0772832660e+04   2.7355956997e+05   2.5877154737e+03   8.6693721751e+04  -2.4303543976e+03   2.6411046914e+04  -1.6411011781e+03   9.1999688495e+03   5.4376994076e+02   2.7384889688e+03  -5.0820633756e+01   9.1282694914e+02  -5.3098173064e+01   2.7854777117e+02  -1.0565677248e+01   9.5197788100e+01  -4.9043922300e+00   2.8234393850e+01  -6.2021399326e+00   8.5418199931e+00  -5.6488331763e+00   2.6344266405e+00  -5.8690090208e+00   8.3658649115e-01
4gui_0   4gui    -9.0453795210e+00   6.4990193288e+03   3.5550213019e+05  -5.9419605292e+03   1.1447246067e+05  -1.6247548322e+02   3.4712478575e+04   2.9227018353e+03   1.2076047492e+04  -4.9833551782e+02   3.5136862104e+03  -1.9808082483e+01   1.1345426742e+03  -1.8280812940e+00   3.1061881573e+02  -8.9118730978e+00   1.0307573515e+02  -8.9656385562e+00   3.5645995590e+01  -9.1417791560e+00   1.1437615660e+01  -9.4155301054e+00   3.6295591552e+00  -9.2329733117e+00   1.1981889810e+00
4lm3_0   4lm3    -6.4512816770e+00  -3.5959342772e+04   3.7279604979e+05  -1.8499565498e+04   1.0138614977e+05   5.9007981753e+03   3.5318355579e+04  -9.1154767700e+02   1.1167397093e+04   2.2832016434e+02   3.5083267098e+03   1.6501872371e+02   1.0739409947e+03  -7.4083611276e+01   3.0701862756e+02  -8.8603387344e+00   1.1371933767e+02  -8.9429282466e+00   3.6440601677e+01  -5.6494220068e+00   1.0402947592e+01  -6.3892069803e+00   3.0955287931e+00  -6.3274168588e+00   1.1013497736e+00
4pnc_0   4pnc    -5.2612789390e+00  -2.5076022077e+04   3.4135789541e+05   2.9538703972e+04   1.0347181333e+05   2.3375952784e+02   3.2782201107e+04   4.0674157844e+02   9.4914869537e+03  -6.8372536806e+02   3.1078520403e+03  -9.5713901216e+01   9.9467404687e+02  -1.9946062985e+00   3.3291338069e+02  -1.4130678454e+01   1.0433229573e+02  -4.5425639010e+00   3.1420090438e+01  -4.3848714236e+00   9.4932685837e+00  -5.2157332838e+00   3.2001336676e+00  -5.1471253512e+00   9.3572345728e-01
6cjw_0   6cjw    -6.4709056050e+00   8.2281155913e+04   2.9830419465e+05   6.1194025503e+03   1.0983972018e+05   4.1347314529e+03   3.4004581397e+04   7.3350135975e+02   9.9104096837e+03   2.1707340128e+01   3.1340098705e+03   9.9791743616e+01   1.0155682667e+03   1.6402479674e+01   3.3151587569e+02   3.9480069805e+00   9.0697502995e+01  -2.3451659286e+00   3.4198342405e+01  -6.8406555951e+00   8.3369849109e+00  -6.8914502748e+00   3.0181655327e+00  -6.5464111484e+00   1.0292881541e+00
6o4x_0   6o4x    -9.7084400820e+00   2.1295154027e+04   3.4220934633e+05   1.2244713566e+04   9.5536553003e+04   1.0279007040e+03   3.0671610585e+04   4.0501744871e+02   9.2229419914e+03   3.1283400310e+02   2.9796420733e+03  -6.9495916123e+01   9.4793612602e+02   8.3952049530e+00   3.4995229887e+02  -6.2242868566e+00   1.0140120666e+02  -6.0931373744e+00   3.3740708119e+01  -8.9085758311e+00   1.0718825148e+01  -9.1332243081e+00   3.3354532599e+00  -9.6413035697e+00   8.4801072951e-01

map_8
map      occ                 col08              col09              col10              col11              col12              col13              col14              col15              col16              col17              col18              col19              col20              col21              col22              col23              col24              col25              col26              col27              col28              col29              col30              col31              col32
1ecq_0   1ecq    -7.8244019020e+00  -5.2668741018e+04   2.6671861462e+06   3.6868118712e+04   8.3971970895e+05   3.1436654795e+04   2.5081637466e+05  -3.2852127210e+03   8.0301485418e+04   3.5344017019e+03   2.3103964293e+04   9.9879683748e+02   7.1636282290e+03   1.8954163174e+02   2.6375363293e+03  -4.6853453650e+01   8.3611687343e+02  -1.2493453303e+01   2.0966599364e+02  -6.4800360070e+00   8.1431786798e+01  -8.3790561830e+00   2.7885441435e+01  -8.5174256559e+00   8.8161394204e+00
1h0r_0   1h0r    -8.1316216790e+00  -6.3284647874e+05   2.5379972746e+06   6.8007382790e+04   7.4813620525e+05   5.3839178042e+03   2.6998549804e+05   7.2478238511e+03   7.4585032202e+04  -1.6425672038e+03   2.4302633276e+04  -1.5996218009e+03   6.7918467992e+03  -1.9625797217e+02   2.4603542420e+03   1.8657636559e+01   7.8309080914e+02  -5.1674748630e+01   2.3898330352e+02  -3.5832775143e+00   7.3219765145e+01  -5.7466890195e+00   2.4868994488e+01  -8.9246790235e+00   7.2501069869e+00
1we2_0   1we2    -5.7282632830e+00  -5.3434542610e+04   1.9906635543e+06  -1.5656320985e+05   6.2796662802e+05   3.0778296543e+04   2.2841881426e+05  -3.1419511055e+03   6.8309622924e+04  -3.9995755144e+02   2.1949232454e+04   5.2950959999e+02   6.4086456879e+03   1.5385407854e+02   2.2286329874e+03  -8.0381582448e+00   6.1110426592e+02  -5.5874630998e+00   1.9499362774e+02  -8.0380487040e+00   6.5923275891e+01  -5.7005060121e+00   2.2289350526e+01  -5.2347282987e+00   6.9568762452e+00
2aa9_0   2aa9    -7.1829524970e+00   1.1385579284e+04   2.0967134331e+06   1.2751848798e+05   6.6544495458e+05   3.1168023290e+04   2.0958521222e+05   7.0505199716e+03   6.1597449848e+04  -3.3536223781e+03   2.0440393892e+04   2.7447785259e+02   6.8210201723e+03  -1.2406581106e+02   2.3235137362e+03   2.1929479619e+01   7.2518369101e+02   2.7332506270e+00   2.1551627683e+02  -7.4103156626e+00   6.5760977610e+01  -9.7400798613e+00   2.2960750401e+01  -7.2686900149e+00   7.2610892999e+00
2ael_0   2ael    -6.3460691150e+00   5.2919584988e+04   1.7820013050e+06  -3.2255747040e+04   6.6631104739e+05  -1.7135865615e+04   1.7716856659e+05   3.0592560083e+03   6.0634651508e+04  -7.5977404161e+02   1.8246943229e+04   1.1008785666e+03   5.8222155110e+03   2.0018723007e+01   2.0257676916e+03  -1.1321036417e+02   5.9807525910e+02   7.3487411690e+00   2.0701614423e+02   6.7785704402e+00   5.8354258087e+01  -3.1624479391e+00   2.1137048061e+01  -6.5217864953e+00   6.5820662868e+00
2bjm_0   2bjm    -5.0004681310e+00   1.3299806678e+04   2.0167054880e+06   1.2954011704e+05   6.9202027448e+05   1.6145965307e+04   1.9480765277e+05   4.7879304041e+02   5.9522913704e+04  -2.6288397880e+03   2.1962044277e+04   3.1738658656e+02   6.4882310274e+03  -3.4440381385e+02   2.1334041139e+03   2.6972007950e-01   6.6927053675e+02  -2.7899323664e+01   1.8884928537e+02  -2.4415598902e+00   6.3095878122e+01  -3.9122453308e+00   1.9322771425e+01  -5.2347793304e+00   6.5833374445e+00
2gtv_0   2gtv    -6.7330209490e+00   3.0575935642e+04   2.8674538077e+06  -3.9137197622e+04   6.9618246985e+05   1.2841892970e+04   2.5343713834e+05  -8.4083823015e+02   7.2631994253e+04  -5.7452183071e+03   2.4567172771e+04  -8.7389081658e+02   7.4298745855e+03   1.5566208835e+01   2.1629097331e+03  -2.3657824444e+01   7.4222171762e+02  -9.7836878870e-01   2.2388196380e+02  -6.9836293133e+00   7.9475315464e+01  -1.2639541733e+01   2.4235546334e+01  -7.0111789345e+00   6.6286358062e+00
2os9_0   2os9    -4.0213171380e+00  -2.4019649632e+05   1.8411384695e+06   1.7490036140e+04   5.5866316840e+05  -2.9220020378e+04   1.6180944156e+05  -7.2362109523e+03   6.0909604621e+04   3.2531467221e+02   1.8419037881e+04  -1.0755672625e+03   5.5002031923e+03   1.1074690884e+02   1.8634875608e+03   3.5843147263e+01   6.0452636484e+02  -1.1767762716e+00   1.8335850927e+02  -5.5056115204e+00   5.7544368172e+01   3.2618667877e+00   1.8075248944e+01  -4.3520873657e+00   5.3079544125e+00
2q9y_0   2q9y    -6.0637588780e+00   2.6837956820e+05   2.4542145502e+06   2.0767466587e+04   8.8940110478e+05  -6.3899897189e+01   2.8449682577e+05   6.3580397704e+03   8.2973085037e+04  -1.2425335009e+03   2.5781773025e+04   4.3771429575e+02   7.5977788914e+03   4.7643763345e+01   2.8515011797e+03  -1.2404248042e+01   8.2558625391e+02  -1.7610939465e+01   2.3216614902e+02   3.2922824528e-01   8.1979571504e+01  -4.7444708776e+00   2.6971947323e+01  -6.0338777007e+00   7.6138214276e+00
2ybs_0   2ybs    -8.4316525800e+00  -6.9298888417e+04   2.5957316586e+06  -4.7469738565e+04   8.4263513952e+05   3.8114388629e+03   2.6282617923e+05  -6.4690512337e+03   8.5163818205e+04  -1.8537452651e+02   2.3604032743e+04  -5.2656760363e+02   9.4264876786e+03  -2.3438963029e+02   2.8078474523e+03  -1.5849279471e+02   7.6230077935e+02   1.6729028859e+01   2.5701551548e+02   4.9361598220e+00   9.2547187103e+01  -8.0478032637e+00   2.7838355030e+01  -9.3809619391e+00   8.1760588080e+00
3b9s_0   3b9s    -5.8839061510e+00   1.7802583334e+05   2.1514532259e+06   6.7021490197e+04   6.5884852452e+05   2.7227480392e+04   1.9014901433e+05  -8.8018066422e+03   6.3979054508e+04  -7.4351965687e+02   2.0190097294e+04  -2.4321470466e+02   6.7067434798e+03  -1.8481175922e+02   1.9952497078e+03   5.5711875529e+01   7.0485537557e+02   3.9678816630e-01   2.0915976224e+02  -1.4724660667e+01   6.9118548224e+01  -5.3910481864e+00   2.2052277918e+01  -6.3036805253e+00   6.9659679909e+00
4gui_0   4gui    -9.0453795210e+00   2.3987715322e+05   2.7004064003e+06  -6.8246739368e+04   7.8067116611e+05  -3.1758383666e+03   2.6546025732e+05   8.0443310116e+03   9.2128390608e+04  -1.7443461156e+03   2.6946171783e+04  -8.5004354579e+01   8.8728092509e+03  -3.0931989981e+02   2.5418242422e+03  -6.9128541297e+00   9.9059941614e+02   4.4006004327e+01   2.5486055450e+02  -7.4561454748e+00   8.0203673028e+01  -2.7924014944e+00   2.4360154273e+01  -9.9517091614e+00   8.5887550086e+00
4lm3_0   4lm3    -6.4512816770e+00  -2.8820903143e+05   2.4385297776e+06   4.2421778784e+04   7.3851420864e+05  -1.1528361257e+04   2.2471730338e+05   9.4007957106e+03   8.0112392601e+04   1.2609954701e+03   2.4425605882e+04   9.8298709540e+02   8.3188762525e+03  -5.7528465656e+01   2.5062729765e+03   1.5672418533e+01   8.5468662498e+02  -1.5912409222e+01   2.6953339493e+02  -8.3723946440e+00   8.2053046838e+01  -5.7419746086e+00   2.4137435172e+01  -6.1163433090e+00   9.2239623224e+00
4pnc_0   4pnc    -5.2612789390e+00  -2.8038913866e+05   2.4912257903e+06  -8.0571591568e+03   8.0975390919e+05   1.0055334628e+04   2.2764272103e+05   2.2560045639e+02   8.6689876954e+04  -4.3644019721e+03   2.8128285016e+04  -2.4065122970e+02   7.8340044375e+03   2.0869009075e+02   2.5179840006e+03  -6.2520654480e+01   8.1837913442e+02  -9.6640145217e+00   2.8968014886e+02  -1.0448056679e+01   8.5959638253e+01  -5.3912472653e+00   2.5946922707e+01  -5.4733925814e+00   7.4594009225e+00
6cjw_0   6cjw    -6.4709056050e+00   1.0399409871e+05   2.6455558572e+06   1.0827620866e+05   7.7287269065e+05   7.2795869097e+03   2.1698317249e+05   6.6311531177e+03   7.6556668357e+04   2.4089927101e+03   2.1263689491e+04  -6.2794083721e+01   8.0356995670e+03   5.6771601946e+01   2.4311842838e+03  -1.2313788296e+02   6.1413240771e+02   2.2658815370e+01   2.4172206055e+02  -5.4844958335e+00   7.7212211113e+01  -6.7892746154e+00   2.6094264788e+01  -6.6736894876e+00   7.4291798803e+00
6o4x_0   6o4x    -9.7084400820e+00   1.1218155516e+05   2.3448282305e+06  -4.7904555989e+04   7.9343568533e+05   1.6796913935e+04   2.2233531440e+05   5.7060996437e+03   7.7817159994e+04   2.3124560033e+03   2.5562053703e+04  -5.9968621070e+02   8.4562998938e+03  -1.5888243338e+02   2.2913491356e+03  -1.1226220461e+02   7.7351444420e+02  -8.2452836659e+00   2.3530454566e+02  -8.4192590663e+00   7.6635273612e+01  -1.0588428904e+01   2.6025612622e+01  -1.0309260253e+01   7.7013783756e+00

map_9
map      occ                 col08              col09              col10              col11              col12              col13              col14              col15              col16              col17              col18              col19              col20              col21              col22              col23              col24              col25              col26              col27              col28              col29              col30              col31              col32
1ecq_0   1ecq    -7.8244019020e+00  -1.2592645373e+05   2.5806685041e+06  -8.9630005305e+04   1.0022834065e+06  -2.5592699862e+04   2.9426902541e+05  -2.4814918824e+02   8.8359796342e+04  -7.7885511634e+03   3.0257965980e+04  -4.7407606112e+02   9.1334549177e+03  -3.8442753721e+02   2.6736429997e+03   2.3383431343e+01   9.2063110185e+02  -3.6617597923e+01   2.8362171917e+02  -1.0639466817e+01   9.2000280172e+01  -1.0594804777e+01   2.8995795396e+01  -7.2653845262e+00   8.7728635366e+00
1h0r_0   1h0r    -8.1316216790e+00   4.1527927842e+05   2.4873297225e+06   6.5956120690e+04   7.7928720479e+05  -1.4831402801e+04   2.7267864890e+05  -9.7014823025e+03   8.9563310660e+04  -2.6654648139e+03   2.5791218969e+04   6.2529194207e+02   8.8296117212e+03   1.9887340772e+02   2.6481342405e+03  -3.2208921244e+01   9.1299940232e+02   2.8439895370e+01   2.4991832679e+02  -1.1946998563e+01   8.6044811119e+01  -8.9656814038e+00   2.6022010922e+01  -8.6865175513e+00   8.6383607978e+00
1we2_0   1we2    -5.7282632830e+00   6.2112268459e+04   1.9791070231e+06  -1.1535135571e+05   7.7771004384e+05  -7.0393904253e+03   2.1430512168e+05   8.0124826312e+03   6.6657102782e+04  -6.5602386401e+02   2.1101558179e+04  -5.6607938382e+02   7.1630331318e+03   1.2329285289e+02   2.4046039674e+03  -4.1984935751e+01   6.4268214329e+02   1.8319954427e+01   2.3508270037e+02  -7.9445732182e-01   7.0082115003e+01  -4.7408413400e+00   2.1503501319e+01  -5.8785588599e+00   7.5169920553e+00
2aa9_0   2aa9    -7.1829524970e+00  -1.0755608738e+05   2.2069460091e+06  -5.3145360823e+04   8.2280572756e+05   2.5623656111e+03   2.7341483351e+05   9.2213527856e+03   8.9983165180e+04  -1.9091205510e+03   2.4164714511e+04   2.8622572900e+02   8.0408047612e+03   9.0631820688e+00   2.3427832781e+03  -1.2688075287e+02   8.5867751320e+02  -2.8091657073e+01   2.6245041188e+02  -1.5805613787e+01   6.6680996835e+01  -5.0770512924e+00   2.2534655434e+01  -8.0635914128e+00   7.8178798321e+00
2ael_0   2ael    -6.3460691150e+00  -1.1415257386e+05   2.1873164127e+06  -1.1081152292e+05   7.6987568727e+05  -1.9350253374e+04   2.3017332144e+05  -8.0213064705e+03   5.7389546906e+04  -3.4237419530e+03   2.0788445953e+04   1.1907505558e+03   6.8629969525e+03  -5.7418744651e+01   2.0170927380e+03   2.1647225898e+00   6.2615023403e+02   3.3274361596e+01   2.4412940401e+02   7.5520837079e-01   6.5600699523e+01  -3.9493338135e+00   1.9557230720e+01  -6.7136069090e+00   7.1588247646e+00
2bjm_0   2bjm    -5.0004681310e+00  -4.7255595682e+04   2.0925188927e+06   1.7632244139e+05   8.3043330053e+05   5.3339753627e+04   2.5321078116e+05   9.9650237395e+03   7.1703270789e+04   3.1528342744e+03   2.4277724285e+04   1.2282320013e+03   6.4221280183e+03   1.3535183993e+02   2.4722387258e+03   7.0894321380e+01   7.8126435548e+02   1.3395484639e+00   2.1397039172e+02  -6.5627980592e-01   6.8086551214e+01  -8.2247652498e+00   2.3938366663e+01  -5.4105003064e+00   7.4949828495e+00
2gtv_0   2gtv    -6.7330209490e+00   1.3413197431e+05   2.6788262086e+06  -4.3928221588e+04   6.9228868135e+05  -4.2989297768e+04   2.7182912699e+05  -1.0462293997e+03   8.1043110292e+04  -4.0239592294e+02   2.6212913513e+04  -7.8115108542e+02   8.2984517204e+03  -1.6253441988e+01   2.5816103568e+03  -4.3575119166e+01   7.9082571956e+02  -5.5778446189e+00   2.8351481255e+02  -1.6864362831e+01   9.3539731198e+01  -6.4243293769e+00   3.0080936431e+01  -7.3248660011e+00   8.4385833098e+00
2os9_0   2os9    -4.0213171380e+00   2.2607771860e+05   1.9991443323e+06   7.8737412341e+04   6.4880765017e+05  -1.3252831780e+03   1.9691434599e+05   4.3838288653e+03   5.8654317162e+04   1.3855705696e+03   2.0241604107e+04   6.2849605772e+02   5.8666117247e+03  -6.3174430080e+01   2.0877689852e+03   7.4990758839e+01   7.2971685578e+02  -2.3794056220e+01   2.0601990885e+02   9.2756621601e+00   7.0202059628e+01  -9.8902921180e-01   1.8759586984e+01  -3.7566219444e+00   5.2870577867e+00
2q9y_0   2q9y    -6.0637588780e+00   8.6226981760e+04   2.8396022610e+06  -3.9520699973e+03   8.9757904548e+05   2.9496813344e+04   2.9596191515e+05  -6.1616364049e+03   9.7548403365e+04  -1.9282508796e+03   2.7982779816e+04  -8.6316801533e+02   9.0666358631e+03   9.3339270639e+02   2.8741130130e+03   4.4054802099e+00   7.7815152592e+02   2.6403815580e+01   2.9034760927e+02  -6.3233587023e+00   8.9937824590e+01  -6.1831669230e+00   2.6238087399e+01  -5.6987551287e+00   8.6672077111e+00
2ybs_0   2ybs    -8.4316525800e+00   1.4622044558e+05   2.8819911524e+06  -1.5699458367e+05   8.7922308884e+05  -4.5405296258e+04   3.1162259633e+05   6.0758443043e+03   9.0658226581e+04   4.5451471135e+03   2.9806541714e+04   1.5701767111e+03   1.1558907174e+04  -8.5204192799e+01   3.0615949675e+03  -7.1866964209e+01   9.1615545021e+02  -2.8205115891e+01   2.8583870252e+02   5.0453864972e+00   9.4820750970e+01  -4.0420387305e+00   2.9098112631e+01  -6.6206277845e+00   8.8267044458e+00
3b9s_0   3b9s    -5.8839061510e+00   5.2980129495e+05   2.3453631722e+06   7.9470194242e+04   7.2889296672e+05   1.1508461462e+04   2.2623089508e+05   1.3980867506e+03   7.0761424101e+04  -2.7914641563e+03   2.3794727572e+04   2.0691683908e+01   7.7044272326e+03   8.2475344920e+01   2.1371152753e+03  -7.3732446218e+01   7.7933041219e+02   4.7791255612e+01   2.1471910604e+02  -1.1364314304e+01   7.8988872903e+01  -5.9269642020e+00   2.4295715083e+01  -4.8539904282e+00   8.7474094488e+00
4gui_0   4gui    -9.0453795210e+00   4.4783566187e+05   2.7398560209e+06  -1.3435069856e+04   8.8875746943e+05   1.5562289250e+04   3.0866859788e+05  -4.2544387878e+02   8.0619947787e+04   1.1225747258e+03   3.0800398356e+04   6.4417427997e+02   9.2873191683e+03  -2.0479151621e+02   2.5216789014e+03  -1.0507418856e+02   9.1247908756e+02   2.0918179848e+01   2.5130549091e+02  -4.1856736219e+00   9.7530396773e+01  -5.7417883488e+00   2.9953833729e+01  -8.6242737791e+00   1.0134885149e+01
4lm3_0   4lm3    -6.4512816770e+00  -7.0100580050e+04   2.7337938919e+06   1.4758016853e+05   9.0358811498e+05  -1.1068512640e+04   3.0266793723e+05  -6.0803029433e+03   9.9715896280e+04  -3.9769165914e+03   2.7536301777e+04  -3.7219718502e+02   9.7065539321e+03   2.1508333761e+02   3.0336695554e+03  -1.1004794902e+02   9.3692787212e+02  -4.2442912722e+01   2.8300924874e+02  -2.8566871852e+00   8.8327728090e+01  -4.1944722658e+00   2.8427495817e+01  -4.6214538657e+00   9.9359660163e+00
4pnc_0   4pnc    -5.2612789390e+00   5.7699517689e+05   3.1115295285e+06  -1.0795393632e+04   1.0745852773e+06   1.7719335755e+04   2.7480430910e+05  -3.5029191062e+03   9.3678613804e+04  -1.8612747642e+01   2.8530287308e+04   1.0816984419e+03   9.2708874992e+03  -7.3304445312e+01   2.9509146303e+03   2.0218916087e+02   8.7933907813e+02   1.3447524044e+01   2.7724774263e+02   8.8309707430e+00   8.5530013595e+01  -6.0139172419e+00   2.7621429606e+01  -3.7226722235e+00   8.4110529697e+00
6cjw_0   6cjw    -6.4709056050e+00  -2.2520201162e+05   2.6642740702e+06  -9.6131007946e+04   8.2194141862e+05  -3.5091179124e+04   2.9038924502e+05  -5.3443462459e+02   7.9396946254e+04  -2.7148606685e+03   2.6713870927e+04   4.8734387560e+02   8.9722445091e+03   1.5290544344e+02   2.5031443699e+03  -1.1379121525e+02   9.0991855263e+02   3.6960691943e+00   2.5830321622e+02  -1.0724402136e+01   7.9083201767e+01  -7.7401598634e+00   3.0051938931e+01  -7.4641103298e+00   8.0506206263e+00
6o4x_0   6o4x    -9.7084400820e+00   1.4019380489e+05   2.5850332415e+06   5.4709777519e+03   8.4425022918e+05   3.1116185964e+03   2.5383662047e+05   2.3593591555e+03   9.0479167294e+04   3.3602061480e+03   2.7699851708e+04  -9.4695786163e+02   8.8793931531e+03   3.1810316266e+02   2.4253395743e+03  -7.0290438284e+01   7.8040142485e+02  -6.1383686505e+00   2.7709519622e+02  -1.4745557044e+01   8.1333029296e+01  -1.2445323429e+01   2.4966454808e+01  -9.7909109894e+00   7.4688802133e+00
