map_6
map      occ                 col08              col09              col10              col11              col12              col13              col14              col15              col16              col17              col18              col19              col20              col21              col22              col23              col24              col25              col26              col27              col28              col29              col30              col31              col32
1ecq_0   1ecq    -7.8244019020e+00   2.4627241878e+03   3.9234344545e+04  -8.3263532064e+02   1.5210354550e+04   7.8455356269e+02   4.4468228068e+03   1.3673982871e+02   1.4395639890e+03   6.3004693805e+01   3.8341086722e+02   4.9430392627e-01   1.3667492837e+02  -1.0583498561e+01   4.5403578258e+01  -5.9281406651e+00   1.4962327098e+01  -7.9344434882e+00   4.5727821501e+00  -7.8619646359e+00   1.3588532536e+00  -7.8406345477e+00   4.6784546337e-01  -7.8299143815e+00   1.3129491087e-01
1h0r_0   1h0r    -8.1316216790e+00  -3.6446915951e+03   4.3457993632e+04  -2.0690633824e+03   1.4267124553e+04   4.7661351628e+02   4.1460832040e+03  -3.8353370016e+01   1.5569891376e+03   2.1419572143e+00   3.9960429435e+02  -8.2207420731e+00   1.4423873118e+02  -1.3367607327e+01   3.7816143504e+01  -9.2835453567e+00   1.4772998176e+01  -7.9262964107e+00   4.6526117190e+00  -7.9161125817e+00   1.2267899419e+00  -8.1257563524e+00   4.3500326736e-01  -8.0958403913e+00   1.3791433896e-01
1we2_0   1we2    -5.7282632830e+00  -3.8030168758e+03   3.8761750483e+04  -3.4660406970e+02   1.2975767026e+04  -6.4843844706e+02   3.7347589040e+03   5.9548504752e+01   1.0462454924e+03  -2.4912167509e+01   3.9537697254e+02   6.9142697959e+00   1.2871153423e+02  -3.1603551633e-01   3.5295709277e+01  -4.7775856827e+00   1.1506913543e+01  -5.7524746170e+00   3.9756217512e+00  -5.5848065350e+00   1.1265060738e+00  -5.7908314938e+00   4.0380347279e-01  -5.7263044987e+00   1.3308591646e-01
2aa9_0   2aa9    -7.1829524970e+00   2.0547645066e+02   4.0050208834e+04  -1.6900438067e+03   1.2884093041e+04  -2.5427710770e+02   4.3027596627e+03   5.3988937412e+01   1.3024900811e+03  -3.5100514684e+01   3.3514655744e+02  -7.1736965838e+00   1.3678799347e+02  -8.7649062177e+00   3.7305879700e+01  -7.1669158609e+00   1.1420422954e+01  -7.6021221751e+00   4.2725750853e+00  -7.0209364007e+00   1.2298401127e+00  -7.2032603608e+00   4.3128689287e-01  -7.1740549691e+00   1.2435113426e-01
2ael_0   2ael    -6.3460691150e+00   1.1950613699e+03   3.1164784757e+04   9.2847075661e+02   1.2315396794e+04   1.0158021644e+02   3.4986237762e+03   5.7822584743e+01   1.0772024062e+03   1.0116654135e+01   3.4148575385e+02   5.2748170311e+00   1.1389746308e+02  -5.6761737958e+00   3.6459399046e+01  -5.6249286450e+00   1.0474704694e+01  -6.1990108469e+00   3.9560437588e+00  -6.2857453216e+00   1.1784123371e+00  -6.3781982063e+00   3.2662738544e-01  -6.3651054062e+00   1.1997412198e-01
2bjm_0   2bjm    -5.0004681310e+00   7.6876868913e+03   3.6377555380e+04  -1.1863714338e+03   1.0305309963e+04   6.7528262015e+02   3.4825832838e+03  -1.9314126943e+02   1.0426318789e+03  -2.1193339294e+01   3.9322990027e+02  -9.5355790367e+00   1.1457782229e+02  -2.1889502052e+00   3.8221679886e+01  -5.0738401299e+00   1.2077530122e+01  -5.1875827793e+00   3.9593419695e+00  -5.0034157454e+00   1.1304744426e+00  -4.9922722961e+00   3.5532922964e-01  -4.9877586573e+00   1.1784303016e-01
2gtv_0   2gtv    -6.7330209490e+00   3.7264026196e+03   4.2819983896e+04  -7.1190975420e+02   1.3812855162e+04   1.2736510446e+02   4.7313166219e+03  -6.6797157406e+01   1.3289965286e+03   8.9617202105e+01   4.3410912530e+02  -1.3155313606e+01   1.4371351592e+02  -2.7828441056e+00   4.2118973965e+01  -7.2815186401e+00   1.2781070194e+01  -6.7590608636e+00   4.7925731371e+00  -6.8941019681e+00   1.1982796076e+00  -6.7410615269e+00   4.7300216316e-01  -6.7414310003e+00   1.3566980926e-01
2os9_0   2os9    -4.0213171380e+00   6.6868436011e+03   3.2213014222e+04   7.2234421617e+02   9.2359968414e+03   4.8046209578e+02   3.0146920330e+03   2.2846715637e+02   1.0814921676e+03   2.0927343863e+01   3.2036797959e+02   5.9438609788e-01   1.0916492697e+02  -2.8490906958e+00   3.4395029287e+01  -3.3389886709e+00   1.0783429138e+01  -4.1933481033e+00   3.4576171309e+00  -3.9839795629e+00   9.6198025811e-01  -4.0335374490e+00   3.3711413653e-01  -4.0193658290e+00   9.3704815871e-02
2q9y_0   2q9y    -6.0637588780e+00   2.2156931440e+02   4.6537548458e+04   3.2072158259e+03   1.3238860178e+04  -5.8992829958e+02   4.8411407071e+03   3.9882476591e+00   1.3226888599e+03  -1.0479120724e+02   3.7888163294e+02  -1.1522158272e+01   1.3122866635e+02  -9.0473398147e+00   4.5567986316e+01  -6.1577159049e+00   1.4095809657e+01  -5.7620501634e+00   4.0202662906e+00  -6.0357897455e+00   1.1129048010e+00  -6.1414652026e+00   4.3731376393e-01  -6.0674909131e+00   1.3226657811e-01
2ybs_0   2ybs    -8.4316525800e+00   9.9907413321e+03   5.1117246668e+04   1.9919428370e+03   1.5426527242e+04   3.3633427341e+02   4.6411810014e+03  -1.1771699570e+02   1.5894049276e+03  -1.0793103353e+02   5.3527352124e+02   4.0521453974e-01   1.5632504501e+02  -9.1524498746e+00   4.8722497899e+01  -7.6778226594e+00   1.6435394489e+01  -8.4920314659e+00   5.1991650177e+00  -8.6256038922e+00   1.3114895436e+00  -8.4155065822e+00   4.6410679826e-01  -8.4401920490e+00   1.5491601862e-01
3b9s_0   3b9s    -5.8839061510e+00  -2.5538150900e+03   3.3710548586e+04  -2.9704901836e+03   1.0295646246e+04  -6.9938690447e+02   3.5331301112e+03  -9.3639886634e+00   1.0428191548e+03  -5.5529796887e+01   3.4089153343e+02  -2.1676065624e+01   1.1727911928e+02  -7.9925899600e+00   3.2141239580e+01  -5.4180128014e+00   1.1185366814e+01  -5.8249807094e+00   3.3309468799e+00  -5.9721840001e+00   1.0290158965e+00  -5.8935374364e+00   3.5362285680e-01  -5.8904799871e+00   1.1068131970e-01
4gui_0   4gui    -9.0453795210e+00   5.9816138987e+03   5.0719441212e+04  -2.2217423052e+03   1.6325100133e+04   6.2929019689e+02   5.1341000127e+03  -9.1799462282e+01   1.4797741731e+03   1.6455541909e+01   4.2732193263e+02  -1.7991229722e+01   1.4120616824e+02  -1.4037260861e+01   4.8580274045e+01  -7.9043731680e+00   1.5513708696e+01  -9.0655130714e+00   4.8301719604e+00  -9.1471735760e+00   1.3458334697e+00  -9.0722541061e+00   5.1222012990e-01  -9.0321615717e+00   1.6011398746e-01
4lm3_0   4lm3    -6.4512816770e+00  -2.4608864658e+03   4.4597113726e+04   7.8300933002e+01   1.3629520240e+04   6.5716854484e+02   4.5914606720e+03   4.5694187330e+01   1.3813720185e+03   1.1980042749e+01   4.2613545520e+02  -2.1812402765e-01   1.3184755870e+02  -8.9699870970e+00   4.1852206967e+01  -7.8304512473e+00   1.4471420935e+01  -6.3058062410e+00   4.1771618649e+00  -6.5318030359e+00   1.2758906534e+00  -6.4974842460e+00   4.9177417094e-01  -6.4487586654e+00   1.2216099517e-01
4pnc_0   4pnc    -5.2612789390e+00   5.2257801767e+03   4.0217007778e+04  -3.2324413464e+01   1.3097782829e+04  -3.4479374362e+01   3.8935535458e+03  -3.6903705371e+01   1.3054177632e+03   3.8363691380e+01   4.1626620698e+02   1.3674304376e+01   1.2644004515e+02  -2.3387251881e+00   4.0898351224e+01  -5.8433434833e+00   1.4927743418e+01  -4.8233406903e+00   4.5701242638e+00  -5.3496653230e+00   1.3696152453e+00  -5.2909305061e+00   3.8281951777e-01  -5.2798164203e+00   1.1834073828e-01
6cjw_0   6cjw    -6.4709056050e+00   4.8901658567e+03   3.8434354815e+04   7.4158559145e+02   1.2940668397e+04   2.0151782376e+02   4.6146308058e+03  -5.5027800409e+01   1.2869029038e+03  -6.5657193886e+01   4.1279837043e+02  -4.8950022844e+00   1.3619026023e+02  -1.1090251306e+01   3.6997182630e+01  -7.0185003827e+00   1.3473594361e+01  -6.7368074836e+00   4.3430789582e+00  -6.2009978682e+00   1.2888844501e+00  -6.4252927034e+00   4.4135448870e-01  -6.4622131999e+00   1.1753039247e-01
6o4x_0   6o4x    -9.7084400820e+00  -1.6563580813e+03   4.2877387712e+04   1.4319482767e+03   1.4940184773e+04   9.2435467117e+02   3.6969804985e+03   6.3048468901e+01   1.4275079481e+03   4.7649681835e+01   4.6357727752e+02  -3.1349515388e+01   1.3543877875e+02  -1.6342964603e+01   3.9109683355e+01  -1.0115832965e+01   1.1764632818e+01  -9.4950668236e+00   4.1354426988e+00  -9.5774969796e+00   1.4238987765e+00  -9.7561119829e+00   4.2651221085e-01  -9.7085380474e+00   1.4174706429e-01
