map_0
map      occ                 col08              col09              col10              col11              col12              col13              col14              col15              col16              col17              col18              col19              col20              col21              col22              col23              col24              col25              col26              col27              col28              col29              col30              col31              col32
1ecq_0   1ecq    -7.8244019020e+00   1.8518596137e+04   2.8608478021e+06   7.0370665322e+03   7.8226096638e+05  -3.1037167126e+04   2.7156412857e+05  -5.0370581494e+03   8.9231943169e+04   1.9985268951e+03   2.6635156447e+04   3.1744577499e+02   1.0141894268e+04  -3.0438646099e+02   2.9158733980e+03  -7.4140681123e+01   9.1909076818e+02  -3.9347090845e+01   2.9858185807e+02  -4.3179403202e+00   8.6115937878e+01  -6.5583552665e+00   2.7555701599e+01  -7.3822069790e+00   9.3908767109e+00
1h0r_0   1h0r    -8.1316216790e+00   4.1876902025e+04   2.8112365930e+06  -2.0624374247e+05   8.0330848349e+05  -1.6750760810e+04   2.7019817131e+05  -7.8519191297e+03   9.5983127231e+04  -2.6347550857e+03   2.8593511887e+04   1.2641589799e+03   8.6432947961e+03  -3.0062032067e+02   2.8513841860e+03   1.8907770239e+01   8.4372732206e+02  -2.3038298470e+01   3.0910947250e+02  -1.6157044052e+01   1.0018389376e+02  -7.2069548149e+00   2.8740388603e+01  -7.9084126758e+00   9.1671313898e+00
1we2_0   1we2    -5.7282632830e+00   7.3943176736e+04   2.3849200220e+06   2.1236480359e+05   6.7825928958e+05  -1.5675953468e+04   2.2300869036e+05   7.1931922329e+03   8.5723495950e+04   9.3730370831e+02   2.4908925954e+04   4.4927874185e+02   6.8450924297e+03  -1.4420694100e+02   2.5622980883e+03  -2.7980393850e+01   7.2019536452e+02  -2.8976112668e+01   2.2219984065e+02  -1.0178213208e+01   8.0276159164e+01  -5.5218954257e+00   2.6128445178e+01  -5.9624900147e+00   6.8049254870e+00
2aa9_0   2aa9    -7.1829524970e+00   1.8980486008e+05   2.2864817486e+06   7.2442188264e+04   7.3258063930e+05   7.6238285466e+03   2.5815120277e+05   2.8913607019e+03   8.7087363930e+04   1.6772422803e+03   2.4238407674e+04   9.2153422984e+02   7.2188853788e+03   9.7106697149e+02   2.4262463172e+03   4.5625924949e+01   7.3487679313e+02   1.0417503014e+01   2.4805604951e+02  -1.2760340324e+01   7.0484053511e+01  -5.4210472939e+00   2.1672720167e+01  -8.2751903945e+00   7.8509400741e+00
2ael_0   2ael    -6.3460691150e+00  -2.7285249361e+05   1.9940171625e+06   2.4779461155e+04   6.8904688589e+05   9.7447319148e+02   2.1949562028e+05  -5.9582075136e+03   7.3312914354e+04  -1.4622666290e+03   2.1311962444e+04  -6.3958851871e+02   6.7183504086e+03  -1.9549045905e+02   2.1620593134e+03  -4.0733814667e+01   7.2851283496e+02   8.8226853810e+00   2.0711052615e+02   1.1811895816e+00   7.1732253670e+01  -6.1094446393e+00   2.0783110684e+01  -5.6116566149e+00   6.8273802942e+00
2bjm_0   2bjm    -5.0004681310e+00   7.9743817714e+04   2.4767012662e+06   1.2699941340e+04   7.6159252825e+05  -4.2205153894e+04   2.3386909407e+05  -7.4693375926e+03   7.3878685908e+04  -5.4698352002e+02   2.0542096230e+04  -1.0630736944e+03   7.1215134215e+03  -3.5571649650e+01   2.1100214840e+03   7.7310449884e+01   7.5920978110e+02  -4.1216330555e+00   2.4674047847e+02   6.6222958073e+00   7.6183370956e+01  -4.6233191336e+00   2.3417214085e+01  -5.0023000620e+00   7.7349973561e+00
2gtv_0   2gtv    -6.7330209490e+00   1.1065887881e+05   2.7627584727e+06   1.8778476404e+04   8.1817727915e+05   4.6610861074e+03   2.3132138990e+05  -3.2191673836e+03   8.1584408265e+04   9.3557052085e+02   2.6205452014e+04  -8.3272482954e+02   8.6839095279e+03  -1.8232894599e+02   2.4096368556e+03  -1.1119205341e+02   8.2382842294e+02   1.6202337705e+01   2.7622087378e+02  -1.3768355427e+01   8.2322990228e+01  -1.3288969427e+01   2.6565519361e+01  -6.1715445266e+00   7.4326462537e+00
2os9_0   2os9    -4.0213171380e+00   3.0403555260e+05   1.8920054221e+06  -1.0602265424e+05   7.0217616937e+05   1.9541430390e+04   1.7954402983e+05  -1.0121525448e+04   7.0113176260e+04  -1.1020639133e+03   2.1265640584e+04   1.1829581591e+03   6.2369105123e+03   3.9120800259e+02   2.0540032589e+03   3.5677922449e+01   6.1028341053e+02   2.5371429048e+01   2.0364492178e+02  -9.7751068194e+00   7.1097829465e+01  -2.3077803029e+00   2.2756353077e+01  -4.6934105201e+00   7.3718243351e+00
2q9y_0   2q9y    -6.0637588780e+00  -9.7005354480e+04   2.6107788716e+06   2.1556745440e+04   9.2304707362e+05   3.5568629976e+03   2.8167516582e+05   3.1329136706e+03   8.5737329989e+04   2.5530372183e+03   2.6622300634e+04  -2.6550724800e+02   1.0353410556e+04   2.8383048163e+02   2.9469655558e+03   8.0136841894e+01   9.3501352034e+02  -3.9171229202e+01   2.9146811646e+02   3.3875419477e+00   9.3994746061e+01  -3.9260639396e+00   2.5160606396e+01  -5.4627029814e+00   8.9917334199e+00
2ybs_0   2ybs    -8.4316525800e+00  -1.4622044558e+05   2.8882117768e+06   1.5391625850e+03   9.5913382625e+05   2.2356336547e+04   3.1565045291e+05   9.1926485389e+03   1.0129500150e+05   1.4079489746e+03   2.9254790154e+04   1.3502303777e+02   9.5050864298e+03   5.1157916419e+01   3.2721801388e+03   1.3138561179e+02   8.9547090001e+02  -3.2399718726e+01   3.1298251461e+02   4.3702251335e+00   1.0299375313e+02  -3.3435705975e+00   3.3643393589e+01  -9.0612447650e+00   9.1300041571e+00
3b9s_0   3b9s    -5.8839061510e+00   7.0640172660e+04   2.2478655344e+06  -2.6784398800e+04   7.5277217442e+05   2.9021337601e+04   2.1497604026e+05  -6.3752755825e+03   7.9851804586e+04  -2.4812360647e+03   2.4087636168e+04   7.1914639108e+02   6.9186332206e+03  -1.2202206825e+02   1.7775338081e+03  -4.8868282778e+01   7.5866495910e+02   1.1970242158e+01   2.1908351548e+02   7.1601114475e+00   7.0860144727e+01  -5.0924671185e+00   2.3063677823e+01  -5.6034998494e+00   7.3014038622e+00
4gui_0   4gui    -9.0453795210e+00   3.1348496331e+05   2.7402256917e+06  -1.4815896480e+05   8.4412134562e+05  -3.6050770781e+04   3.3829121426e+05   3.7916752705e+03   8.6962526717e+04  -5.0082954853e+03   2.8483080641e+04  -1.9891367315e+02   8.8694582825e+03  -1.3844839487e+02   2.9004955607e+03  -7.1434266426e+01   8.4832448301e+02  -5.2962463520e+01   2.9405698041e+02   3.0279288690e-01   7.7355328963e+01  -9.0304542308e+00   2.9463332979e+01  -9.3417007995e+00   1.0360955817e+01
4lm3_0   4lm3    -6.4512816770e+00  -3.0991835391e+05   3.1875439158e+06  -1.9074736782e+05   7.8849149221e+05  -4.0031120713e+04   3.1223686201e+05   2.0550538467e+03   9.6441590457e+04   5.9327227748e+02   2.9369172514e+04  -8.4762669793e+02   8.2740035113e+03  -2.3040953811e+01   2.7925363534e+03   2.5990343479e+01   9.2452264894e+02   1.6896121439e+01   2.8673228403e+02  -2.7278607664e+00   9.3583943475e+01  -1.7443651244e+00   2.5303319590e+01  -4.9305373586e+00   9.7823387945e+00
4pnc_0   4pnc    -5.2612789390e+00   2.9780396227e+04   3.2147700204e+06  -2.2335297170e+04   1.0393148618e+06   7.5567755425e+03   2.4805513800e+05  -1.9934252724e+04   8.5249469026e+04   1.4901365762e+03   3.3045286326e+04   1.4141965658e+02   8.4445284368e+03  -2.7699863295e+02   2.9279963684e+03  -6.2318457144e+01   9.3468738021e+02   6.6941863658e+00   2.5607615650e+02  -1.8435576619e+01   9.3752957329e+01  -8.7929568118e+00   2.8534746957e+01  -4.3782948683e+00   8.8040271702e+00
6cjw_0   6cjw    -6.4709056050e+00   1.3781018622e+05   2.3085917553e+06   9.1089171865e+04   8.1111371273e+05  -3.0553526651e+04   2.4771734801e+05   4.1880851713e+03   7.0892856751e+04  -4.1336333417e+03   2.5290686316e+04   8.8736315027e+01   8.0434697082e+03  -7.1059637727e+01   2.6422958570e+03  -7.2096239225e+01   7.9260014985e+02  -1.4049143464e+01   2.6541626824e+02  -1.5556565061e+01   8.0571462858e+01  -3.1064678077e+00   2.6262625570e+01  -5.8356438285e+00   9.5539595230e+00
6o4x_0   6o4x    -9.7084400820e+00  -5.4709777519e+04   2.8208164268e+06  -3.7271035935e+04   7.7163582042e+05  -2.4927142382e+04   2.8079138114e+05  -5.8471074723e+02   7.4696676288e+04   1.7411386695e+03   2.7504707036e+04  -4.0522848336e+02   9.6612260827e+03  -2.6909687945e+02   2.5976821891e+03  -1.3444585889e+01   8.8778490549e+02  -2.0050449590e+00   2.7220342972e+02  -5.8352320312e+00   8.9453895485e+01  -1.2298874928e+01   2.8046762911e+01  -9.0366137119e+00   8.9424839371e+00
