map_3
map      occ                 col08              col09              col10              col11              col12              col13              col14              col15              col16              col17              col18              col19              col20              col21              col22              col23              col24              col25              col26              col27              col28              col29              col30              col31              col32
1ecq_0   1ecq    -8.2145053130e+00  -1.1078417112e+01   9.0692330108e+01  -8.0262001528e+00   2.6587023831e+01  -7.3874954928e+00   9.5915111998e+00  -8.1491931918e+00   2.3369102392e+00  -8.1571741739e+00   9.2225645354e-01  -8.2060299934e+00   3.1033928034e-01  -8.2168679636e+00   8.8143914027e-02  -8.2119514864e+00   2.7965231884e-02  -8.2158451883e+00   7.8933487833e-03  -8.2142322125e+00   2.9090150609e-03  -8.2144849487e+00   8.5229788974e-04  -8.2145562153e+00   3.1341509569e-04
1h0r_0   1h0r    -7.9875400030e+00  -2.0852027403e+01   8.2782084783e+01  -4.9248506932e+00   2.7181295298e+01  -8.4068249174e+00   8.2761765879e+00  -7.7780157896e+00   2.7919044596e+00  -8.0723018145e+00   7.3298238078e-01  -7.9894218165e+00   2.4975189604e-01  -7.9842912747e+00   8.3471833106e-02  -7.9898806764e+00   2.4343775859e-02  -7.9876609330e+00   8.1986349895e-03  -7.9869652656e+00   2.6361218766e-03  -7.9875830085e+00   8.3126329319e-04  -7.9875139776e+00   2.4755123197e-04
1we2_0   1we2    -5.1784841040e+00  -1.3290036666e+01   7.4871234417e+01  -4.1713253768e+00   2.4867666302e+01  -5.2015457374e+00   8.3436280642e+00  -5.0336256390e+00   2.5950690885e+00  -5.2050768128e+00   6.4325514907e-01  -5.1461078530e+00   2.5912758121e-01  -5.1792405935e+00   7.8450566921e-02  -5.1779340762e+00   2.0772044879e-02  -5.1781220613e+00   6.1062979450e-03  -5.1782562828e+00   2.2335818444e-03  -5.1785204810e+00   6.4623866724e-04  -5.1784574772e+00   2.4481179091e-04
2aa9_0   2aa9    -7.1596311570e+00  -1.1198201777e+01   7.6598746683e+01  -6.4789595995e+00   2.4762194779e+01  -8.8175840599e+00   7.3585188219e+00  -7.1581505340e+00   2.4631783825e+00  -7.1080485795e+00   6.8484711695e-01  -7.1696276910e+00   2.3793031857e-01  -7.1624441446e+00   8.1044858060e-02  -7.1575248445e+00   2.2960402600e-02  -7.1595461759e+00   7.5700659265e-03  -7.1598281119e+00   2.5934258987e-03  -7.1596836498e+00   8.3744022881e-04  -7.1596342048e+00   2.1962842523e-04
2ael_0   2ael    -6.3367323080e+00  -7.9739421375e+00   8.2526540141e+01  -6.1133556387e+00   2.3318422405e+01  -7.1411081809e+00   7.4883988250e+00  -6.3475532726e+00   2.2013978151e+00  -6.3671435749e+00   7.8730069643e-01  -6.3781279263e+00   2.4150299176e-01  -6.3463093376e+00   7.2798043944e-02  -6.3377515553e+00   2.6075468309e-02  -6.3345131533e+00   7.3458377413e-03  -6.3365277774e+00   2.3812994784e-03  -6.3367385296e+00   7.9073167464e-04  -6.3367233061e+00   2.5009652835e-04
2bjm_0   2bjm    -5.0004681310e+00   7.9225407549e-01   6.7553169344e+01  -1.4172545128e+00   2.1808191642e+01  -4.7385596537e+00   5.9539161145e+00  -4.8985949770e+00   2.1190638150e+00  -4.9194400620e+00   7.1086093083e-01  -4.9952358897e+00   2.2836568499e-01  -4.9980108916e+00   7.6165814384e-02  -5.0017229981e+00   2.3326060621e-02  -5.0010459070e+00   7.2633202305e-03  -5.0004576220e+00   2.1861653313e-03  -5.0005155965e+00   6.6361973429e-04  -5.0004985563e+00   2.4918327036e-04
2gtv_0   2gtv    -6.7330209490e+00  -9.2423187628e+00   8.3644373693e+01  -9.7044347009e+00   2.8229539158e+01  -7.3883536300e+00   8.3549055314e+00  -6.9158950971e+00   2.5494807376e+00  -6.8153188639e+00   9.4466193996e-01  -6.6893889700e+00   2.6112970072e-01  -6.7236317610e+00   8.9859831527e-02  -6.7301331711e+00   2.6108549556e-02  -6.7344139007e+00   8.4980594810e-03  -6.7330468022e+00   2.6385158031e-03  -6.7331649534e+00   7.9669602449e-04  -6.7330276776e+00   2.8793492552e-04
2os9_0   2os9    -3.4894022410e+00  -2.2860952996e+00   6.7712414806e+01  -2.8136557533e+00   2.0293885858e+01  -2.5041536204e+00   6.7021701872e+00  -3.4993084897e+00   2.4621831745e+00  -3.5938649083e+00   7.8352544968e-01  -3.4789525696e+00   2.3550416066e-01  -3.4951244956e+00   6.9176606337e-02  -3.4875648093e+00   1.9832666636e-02  -3.4895964068e+00   6.9365131051e-03  -3.4893989963e+00   2.0139857320e-03  -3.4894237705e+00   7.0837439750e-04  -3.4893883289e+00   2.2207499863e-04
2q9y_0   2q9y    -6.0314811750e+00  -2.5246913911e+00   8.0394718153e+01  -7.9948560719e-01   2.5287224372e+01  -5.7626081002e+00   8.4100121167e+00  -6.5794509607e+00   2.5019218237e+00  -6.0746073584e+00   9.3139442786e-01  -6.0401600483e+00   2.5766177951e-01  -6.0310920932e+00   7.9546926197e-02  -6.0272175230e+00   2.6974013940e-02  -6.0312545645e+00   9.1670453843e-03  -6.0316255660e+00   2.4373536961e-03  -6.0315136366e+00   8.1539109644e-04  -6.0314768399e+00   3.0308118044e-04
2ybs_0   2ybs    -8.0937320530e+00  -5.7730424525e-01   9.3446656795e+01  -9.9411791032e+00   3.1588681497e+01  -8.4759809288e+00   8.0221410700e+00  -8.3064844024e+00   2.5321425324e+00  -8.0583128534e+00   8.9814552642e-01  -8.0958399386e+00   3.0589937625e-01  -8.0946509227e+00   9.2995080106e-02  -8.0922698776e+00   2.9811775759e-02  -8.0938346238e+00   9.6395941717e-03  -8.0933419235e+00   3.2675529813e-03  -8.0936388182e+00   9.5521369963e-04  -8.0937201626e+00   3.1592581041e-04
3b9s_0   3b9s    -5.8603955880e+00  -5.4983485170e+00   5.5318770954e+01  -5.2476885111e+00   1.9493028765e+01  -6.6610875122e+00   5.9273277482e+00  -5.9288368626e+00   2.0771338568e+00  -5.8746943014e+00   6.3412405612e-01  -5.8576397180e+00   2.0352005464e-01  -5.8515710775e+00   6.0591936695e-02  -5.8598134577e+00   2.0084845115e-02  -5.8602851554e+00   6.6165439421e-03  -5.8604871101e+00   2.0264585480e-03  -5.8603738224e+00   6.6346988381e-04  -5.8604071148e+00   2.0430815680e-04
4gui_0   4gui    -8.9668463330e+00  -3.1322129668e+01   9.0922865433e+01  -1.3542877648e+01   2.7640524682e+01  -9.4033990722e+00   8.9165661740e+00  -8.6657516515e+00   2.7733930783e+00  -8.8994507931e+00   8.3808324044e-01  -8.9572401223e+00   2.6239146682e-01  -8.9587777234e+00   8.5909595890e-02  -8.9648424652e+00   2.8296307994e-02  -8.9660594888e+00   8.9882712609e-03  -8.9666896558e+00   2.6329892310e-03  -8.9668764077e+00   8.2361929050e-04  -8.9668987880e+00   2.5679736532e-04
4lm3_0   4lm3    -6.4820235040e+00  -6.0505955291e+00   7.9036966658e+01  -7.4656541609e+00   2.2271015757e+01  -6.8030163602e+00   6.4146051605e+00  -6.2835434570e+00   2.5984948263e+00  -6.5172623478e+00   7.1525647638e-01  -6.4656351535e+00   2.2601435227e-01  -6.4778886830e+00   8.4398571970e-02  -6.4763172750e+00   2.6133525893e-02  -6.4815691558e+00   7.2006992247e-03  -6.4822353615e+00   2.5882810341e-03  -6.4820969462e+00   7.7780878553e-04  -6.4819880033e+00   2.6164400212e-04
4pnc_0   4pnc    -5.2603170560e+00   8.1674448141e+00   6.7639714563e+01  -8.4490808422e-01   2.4185874096e+01  -6.3640354477e+00   8.0265593673e+00  -5.5859689808e+00   2.1247858926e+00  -5.2754746477e+00   8.1136944748e-01  -5.2234959024e+00   2.2818541397e-01  -5.2450923163e+00   7.3279974580e-02  -5.2646781306e+00   2.4370221274e-02  -5.2613944329e+00   7.5163440861e-03  -5.2601640774e+00   2.4300755813e-03  -5.2602542066e+00   7.3171770006e-04  -5.2603513646e+00   2.3475398736e-04
6cjw_0   6cjw    -6.4646852420e+00   4.5814483111e+00   7.2936335354e+01  -6.8435384147e+00   2.4242979193e+01  -5.7859874295e+00   7.3665688115e+00  -6.1935454355e+00   2.5814727771e+00  -6.4133117842e+00   6.8621498513e-01  -6.5045370103e+00   2.2739005013e-01  -6.4657270844e+00   8.3499207231e-02  -6.4668082967e+00   2.4539073476e-02  -6.4650556006e+00   7.5762986513e-03  -6.4645133442e+00   2.5380891863e-03  -6.4646903358e+00   6.9162538880e-04  -6.4646969565e+00   2.0545502307e-04
6o4x_0   6o4x    -8.2654151400e+00  -4.7636963727e+00   9.2576826262e+01  -2.5117671783e+00   2.7099847557e+01  -8.9037815838e+00   7.4138578446e+00  -8.2657710674e+00   2.7990946747e+00  -8.1654302992e+00   8.4279086097e-01  -8.2674188732e+00   2.8260460693e-01  -8.2690917968e+00   9.0072697006e-02  -8.2687948669e+00   2.5749754831e-02  -8.2639038727e+00   8.1818528706e-03  -8.2650089725e+00   2.4268442910e-03  -8.2653343060e+00   8.7299973912e-04  -8.2653966402e+00   2.4750409964e-04
