1ecq	  -8	   7	  -9	   8	  -7	   6	3
1h0r	  -9	   8	  -7	   6	  -8	   7	3
1i2s	  -7	   6	  -8	   7	  -9	   8	3
1lrh	  -9	   8	  -5	   4	  -8	   7	4
1we2	  -6	   5	 -10	   9	  -8	   7	3
1wht	  -8	   7	 -11	  10	  -7	   6	4
2aa9	 -11	  10	  -8	   7	  -6	   5	3
2ael	  -9	   8	  -8	   7	  -9	   8	3
2ay4	  -9	   8	 -11	  10	  -5	   4	4
2bjm	  -6	   5	 -10	   9	  -6	   5	3
2gtv	  -5	   4	  -8	   7	 -11	  10	3
2os9	  -5	   4	  -8	   7	  -9	   8	3
2q9y	  -6	   5	  -9	   8	  -8	   7	3
2ybk	  -4	   3	 -12	  11	  -4	   3	3
2ybs	  -4	   3	  -9	   8	  -8	   7	3
3b9s	 -10	   9	  -3	   2	  -4	   3	2
4bg1	  -5	   4	 -11	  10	  -8	   7	4
4de5	 -11	  10	  -3	   2	  -7	   6	4
4gui	 -10	   9	  -8	   7	  -5	   4	3
4lm3	  -8	   7	  -6	   5	  -8	   7	3
4pnc	  -4	   3	  -9	   8	  -9	   8	3
6cjw	  -4	   3	 -11	  10	  -6	   5	3
6dhu	  -6	   5	  -8	   7	 -12	  11	4
6o4x	  -8	   7	  -5	   4	 -10	   9	3
