1ecq_0 1ecq  0  0 -4  0  1.7329271610e+04
1ecq_0 1ecq  0  0 -4  1  2.9668977359e+04
1ecq_0 1ecq  0  0 -4  2  5.4235607251e+03
1ecq_0 1ecq  0  0 -4  3  1.0471511824e+03
1ecq_0 1ecq  0  0 -4  4  2.5742263861e+03
1ecq_0 1ecq  0  0 -4  5  4.4081688591e+01
1ecq_0 1ecq  0  0 -4  6  1.7412445970e+02
1ecq_0 1ecq  0  0 -4  7  5.6460485033e+02
1ecq_0 1ecq  0  0 -4  8  7.0424624592e+02
1ecq_0 1ecq  0  0 -4  9  1.4328788898e+02
1ecq_0 1ecq  0  0 -4 10  4.0217225665e+02
1ecq_0 1ecq  0  0 -4 11  4.8757771693e+03
1ecq_0 1ecq  0  0 -4 12  7.3758868692e+04
1ecq_0 1ecq  0  0 -4 13  4.2437711785e+02
1ecq_0 1ecq  0  0 -4 14  4.6069824129e+02
1ecq_0 1ecq  0  0 -4 15  3.8251676090e+03
1ecq_0 1ecq  0  0 -4 16  2.1219930502e+03
1ecq_0 1ecq  0  0 -4 17  2.3030456284e+04
1ecq_0 1ecq  0  0 -4 18  2.8265701298e+02
1ecq_0 1ecq  0  0 -4 19  1.1435195781e+05
1ecq_0 1ecq  0  0 -4 20  4.2437711785e+02
1ecq_0 1ecq  0  0 -4 21  2.5742263861e+03
1ecq_0 1ecq  0  0 -4 22  5.6460485033e+02
1ecq_0 1ecq  0  0 -4 23  4.6069824129e+02
1ecq_0 1ecq  0  0 -4 24  6.9863516807e+03
1ecq_0 1ecq  0  0 -4 25  2.7662128631e+01
1ecq_0 1ecq  0  0 -4 26  8.9599037197e+02
1ecq_0 1ecq  0  0 -4 27  3.1006994110e+04
1ecq_0 1ecq  0  0 -4 28  4.4081688591e+01
1ecq_0 1ecq  0  0 -4 29  7.3758868692e+04
1ecq_0 1ecq  0  0 -4 30  3.8251676090e+03
1ecq_0 1ecq  0  0 -4 31  1.7412445970e+02
1ecq_0 1ecq  0  0 -3  0  1.6904210148e+03
1ecq_0 1ecq  0  0 -3  1  9.1795303469e+02
1ecq_0 1ecq  0  0 -3  2  2.0833300955e+04
1ecq_0 1ecq  0  0 -3  3  5.9239539705e+02
1ecq_0 1ecq  0  0 -3  4  1.8959893450e+02
1ecq_0 1ecq  0  0 -3  5  2.4998192038e+01
1ecq_0 1ecq  0  0 -3  6  7.4393534205e+01
1ecq_0 1ecq  0  0 -3  7  8.2089624013e+02
1ecq_0 1ecq  0  0 -3  8  1.3899193720e+04
1ecq_0 1ecq  0  0 -3  9  5.9011318160e+01
1ecq_0 1ecq  0  0 -3 10  9.2826033075e+02
1ecq_0 1ecq  0  0 -3 11  1.8231635627e+02
1ecq_0 1ecq  0  0 -3 12  9.6919534229e+04
1ecq_0 1ecq  0  0 -3 13  1.3294889736e+02
1ecq_0 1ecq  0  0 -3 14  4.1686706324e+02
1ecq_0 1ecq  0  0 -3 15  2.0398005765e+04
1ecq_0 1ecq  0  0 -3 16  1.4054218963e+04
1ecq_0 1ecq  0  0 -3 17  3.3978718770e+03
1ecq_0 1ecq  0  0 -3 18  1.3377980502e+01
1ecq_0 1ecq  0  0 -3 19  9.3973631991e+04
1ecq_0 1ecq  0  0 -3 20  1.3294889736e+02
1ecq_0 1ecq  0  0 -3 21  1.8959893450e+02
1ecq_0 1ecq  0  0 -3 22  8.2089624013e+02
1ecq_0 1ecq  0  0 -3 23  4.1686706324e+02
1ecq_0 1ecq  0  0 -3 24  3.6404989681e+04
1ecq_0 1ecq  0  0 -3 25  1.1620579506e+01
1ecq_0 1ecq  0  0 -3 26  1.4596534731e+03
1ecq_0 1ecq  0  0 -3 27  1.2551606423e+04
1ecq_0 1ecq  0  0 -3 28  2.4998192038e+01
1ecq_0 1ecq  0  0 -3 29  9.6919534229e+04
1ecq_0 1ecq  0  0 -3 30  2.0398005765e+04
1ecq_0 1ecq  0  0 -3 31  7.4393534205e+01
1ecq_0 1ecq  0  0 -2  0  4.3602846682e+01
1ecq_0 1ecq  0  0 -2  1  1.4373487119e+02
1ecq_0 1ecq  0  0 -2  2  8.0372252189e+04
1ecq_0 1ecq  0  0 -2  3  1.7408979842e+03
1ecq_0 1ecq  0  0 -2  4  1.6627028643e+01
1ecq_0 1ecq  0  0 -2  5  1.5421855559e+01
1ecq_0 1ecq  0  0 -2  6  6.9253667197e+01
1ecq_0 1ecq  0  0 -2  7  4.0579437520e+02
1ecq_0 1ecq  0  0 -2  8  4.7644642849e+04
1ecq_0 1ecq  0  0 -2  9  2.4080750706e+01
1ecq_0 1ecq  0  0 -2 10  7.3834647050e+03
1ecq_0 1ecq  0  0 -2 11  2.7637559568e+01
1ecq_0 1ecq  0  0 -2 12  3.3140996360e+04
1ecq_0 1ecq  0  0 -2 13  7.2334854622e+01
1ecq_0 1ecq  0  0 -2 14  2.5544503853e+02
1ecq_0 1ecq  0  0 -2 15  8.6019218197e+04
1ecq_0 1ecq  0  0 -2 16  4.9381691089e+04
1ecq_0 1ecq  0  0 -2 17  6.0189020429e+03
1ecq_0 1ecq  0  0 -2 18  1.9083384465e+00
1ecq_0 1ecq  0  0 -2 19  1.1850423540e+04
1ecq_0 1ecq  0  0 -2 20  7.2334854622e+01
1ecq_0 1ecq  0  0 -2 21  1.6627028643e+01
1ecq_0 1ecq  0  0 -2 22  4.0579437520e+02
1ecq_0 1ecq  0  0 -2 23  2.5544503853e+02
1ecq_0 1ecq  0  0 -2 24  1.1448722909e+05
1ecq_0 1ecq  0  0 -2 25  1.8135644056e+01
1ecq_0 1ecq  0  0 -2 26  2.6465032052e+03
1ecq_0 1ecq  0  0 -2 27  2.5012434562e+03
1ecq_0 1ecq  0  0 -2 28  1.5421855559e+01
1ecq_0 1ecq  0  0 -2 29  3.3140996360e+04
1ecq_0 1ecq  0  0 -2 30  8.6019218197e+04
1ecq_0 1ecq  0  0 -2 31  6.9253667197e+01
1ecq_0 1ecq  0  0 -1  0 -7.3676618085e+00
1ecq_0 1ecq  0  0 -1  1  1.9426010379e+01
1ecq_0 1ecq  0  0 -1  2  1.6520417678e+05
1ecq_0 1ecq  0  0 -1  3  1.9191963736e+04
1ecq_0 1ecq  0  0 -1  4  1.5879360047e+02
1ecq_0 1ecq  0  0 -1  5  7.7362938583e+01
1ecq_0 1ecq  0  0 -1  6  5.6409340049e+02
1ecq_0 1ecq  0  0 -1  7  9.0916240722e+02
1ecq_0 1ecq  0  0 -1  8  9.0605645788e+04
1ecq_0 1ecq  0  0 -1  9  3.8912986171e+01
1ecq_0 1ecq  0  0 -1 10  3.9617447390e+04
1ecq_0 1ecq  0  0 -1 11  5.1160708261e+01
1ecq_0 1ecq  0  0 -1 12  2.3804910808e+03
1ecq_0 1ecq  0  0 -1 13  3.9859305478e+01
1ecq_0 1ecq  0  0 -1 14  1.3510577189e+02
1ecq_0 1ecq  0  0 -1 15  1.3583065852e+05
1ecq_0 1ecq  0  0 -1 16  1.1974981560e+05
1ecq_0 1ecq  0  0 -1 17  1.1405244540e+04
1ecq_0 1ecq  0  0 -1 18  9.6840224629e+01
1ecq_0 1ecq  0  0 -1 19  2.4181874570e+02
1ecq_0 1ecq  0  0 -1 20  3.9859305478e+01
1ecq_0 1ecq  0  0 -1 21  1.5879360047e+02
1ecq_0 1ecq  0  0 -1 22  9.0916240722e+02
1ecq_0 1ecq  0  0 -1 23  1.3510577189e+02
1ecq_0 1ecq  0  0 -1 24  2.1211058986e+05
1ecq_0 1ecq  0  0 -1 25  9.0057830633e+01
1ecq_0 1ecq  0  0 -1 26  2.0604320452e+04
1ecq_0 1ecq  0  0 -1 27  2.3688516158e+02
1ecq_0 1ecq  0  0 -1 28  7.7362938583e+01
1ecq_0 1ecq  0  0 -1 29  2.3804910808e+03
1ecq_0 1ecq  0  0 -1 30  1.3583065852e+05
1ecq_0 1ecq  0  0 -1 31  5.6409340049e+02
1ecq_0 1ecq  0  0  0  0 -7.8244019029e+00
1ecq_0 1ecq  0  0  0  1  1.3298621059e+01
1ecq_0 1ecq  0  0  0  2  2.7437182839e+05
1ecq_0 1ecq  0  0  0  3  7.3911227511e+04
1ecq_0 1ecq  0  0  0  4  1.3936657486e+03
1ecq_0 1ecq  0  0  0  5  1.2701597801e+03
1ecq_0 1ecq  0  0  0  6  2.0318434740e+03
1ecq_0 1ecq  0  0  0  7  1.5478411813e+04
1ecq_0 1ecq  0  0  0  8  1.3146488491e+05
1ecq_0 1ecq  0  0  0  9  2.9899952496e+01
1ecq_0 1ecq  0  0  0 10  9.1098389139e+04
1ecq_0 1ecq  0  0  0 11  1.8738711741e+02
1ecq_0 1ecq  0  0  0 12  1.7957591785e+03
1ecq_0 1ecq  0  0  0 13  3.0937712407e+01
1ecq_0 1ecq  0  0  0 14  3.4137071275e+02
1ecq_0 1ecq  0  0  0 15  1.1850854850e+05
1ecq_0 1ecq  0  0  0 16  1.8198627384e+05
1ecq_0 1ecq  0  0  0 17  3.5489524926e+04
1ecq_0 1ecq  0  0  0 18  5.1084049821e+02
1ecq_0 1ecq  0  0  0 19  6.6231867814e+03
1ecq_0 1ecq  0  0  0 20  3.0937712407e+01
1ecq_0 1ecq  0  0  0 21  1.3936657486e+03
1ecq_0 1ecq  0  0  0 22  1.5478411813e+04
1ecq_0 1ecq  0  0  0 23  3.4137071275e+02
1ecq_0 1ecq  0  0  0 24  2.1609813998e+05
1ecq_0 1ecq  0  0  0 25  4.6095307860e+02
1ecq_0 1ecq  0  0  0 26  6.9801137489e+04
1ecq_0 1ecq  0  0  0 27  3.6833135799e+01
1ecq_0 1ecq  0  0  0 28  1.2701597801e+03
1ecq_0 1ecq  0  0  0 29  1.7957591785e+03
1ecq_0 1ecq  0  0  0 30  1.1850854850e+05
1ecq_0 1ecq  0  0  0 31  2.0318434740e+03
1ecq_0 1ecq  0  0  1  0 -6.7048419494e+00
1ecq_0 1ecq  0  0  1  1  1.4858096906e+02
1ecq_0 1ecq  0  0  1  2  3.5328787038e+05
1ecq_0 1ecq  0  0  1  3  1.2626114162e+05
1ecq_0 1ecq  0  0  1  4  4.2734099389e+03
1ecq_0 1ecq  0  0  1  5  1.5326501494e+04
1ecq_0 1ecq  0  0  1  6  2.9115493965e+03
1ecq_0 1ecq  0  0  1  7  4.3555488577e+04
1ecq_0 1ecq  0  0  1  8  7.0971207175e+04
1ecq_0 1ecq  0  0  1  9  1.4833077825e+01
1ecq_0 1ecq  0  0  1 10  9.8475907918e+04
1ecq_0 1ecq  0  0  1 11  5.2517564365e+02
1ecq_0 1ecq  0  0  1 12  8.1897300007e+03
1ecq_0 1ecq  0  0  1 13  1.4329951830e+02
1ecq_0 1ecq  0  0  1 14  3.1580359770e+03
1ecq_0 1ecq  0  0  1 15  9.5980286723e+04
1ecq_0 1ecq  0  0  1 16  1.7237922172e+05
1ecq_0 1ecq  0  0  1 17  6.2624166782e+04
1ecq_0 1ecq  0  0  1 18  5.0681039641e+02
1ecq_0 1ecq  0  0  1 19  2.9639187151e+03
1ecq_0 1ecq  0  0  1 20  1.4329951830e+02
1ecq_0 1ecq  0  0  1 21  4.2734099389e+03
1ecq_0 1ecq  0  0  1 22  4.3555488577e+04
1ecq_0 1ecq  0  0  1 23  3.1580359770e+03
1ecq_0 1ecq  0  0  1 24  1.3214501274e+05
1ecq_0 1ecq  0  0  1 25  1.3109031062e+03
1ecq_0 1ecq  0  0  1 26  9.5927921017e+04
1ecq_0 1ecq  0  0  1 27  4.3246259516e+01
1ecq_0 1ecq  0  0  1 28  1.5326501494e+04
1ecq_0 1ecq  0  0  1 29  8.1897300007e+03
1ecq_0 1ecq  0  0  1 30  9.5980286723e+04
1ecq_0 1ecq  0  0  1 31  2.9115493965e+03
1ecq_0 1ecq  0  0  2  0  3.6848398355e+01
1ecq_0 1ecq  0  0  2  1  5.8823644371e+03
1ecq_0 1ecq  0  0  2  2  3.1861144587e+05
1ecq_0 1ecq  0  0  2  3  1.9914402343e+05
1ecq_0 1ecq  0  0  2  4  2.6161091596e+03
1ecq_0 1ecq  0  0  2  5  1.0097708035e+05
1ecq_0 1ecq  0  0  2  6  1.7117236228e+03
1ecq_0 1ecq  0  0  2  7  4.5103525382e+04
1ecq_0 1ecq  0  0  2  8  7.0221823603e+04
1ecq_0 1ecq  0  0  2  9  3.0929193543e+01
1ecq_0 1ecq  0  0  2 10  7.2918941714e+04
1ecq_0 1ecq  0  0  2 11  8.2778806390e+02
1ecq_0 1ecq  0  0  2 12  2.7771770269e+04
1ecq_0 1ecq  0  0  2 13  2.8680899286e+03
1ecq_0 1ecq  0  0  2 14  4.4091972653e+04
1ecq_0 1ecq  0  0  2 15  1.3413246317e+05
1ecq_0 1ecq  0  0  2 16  1.1019188490e+05
1ecq_0 1ecq  0  0  2 17  1.2060373439e+05
1ecq_0 1ecq  0  0  2 18  5.6148620845e+01
1ecq_0 1ecq  0  0  2 19  2.3567796312e+03
1ecq_0 1ecq  0  0  2 20  2.8680899286e+03
1ecq_0 1ecq  0  0  2 21  2.6161091596e+03
1ecq_0 1ecq  0  0  2 22  4.5103525382e+04
1ecq_0 1ecq  0  0  2 23  4.4091972653e+04
1ecq_0 1ecq  0  0  2 24  1.4897792222e+05
1ecq_0 1ecq  0  0  2 25  1.6823501657e+03
1ecq_0 1ecq  0  0  2 26  1.6485051754e+05
1ecq_0 1ecq  0  0  2 27  5.0237995712e+01
1ecq_0 1ecq  0  0  2 28  1.0097708035e+05
1ecq_0 1ecq  0  0  2 29  2.7771770269e+04
1ecq_0 1ecq  0  0  2 30  1.3413246317e+05
1ecq_0 1ecq  0  0  2 31  1.7117236228e+03
1ecq_0 1ecq  0  0  3  0  2.1942151267e+03
1ecq_0 1ecq  0  0  3  1  1.9285413619e+04
1ecq_0 1ecq  0  0  3  2  2.4384263749e+05
1ecq_0 1ecq  0  0  3  3  1.7533060281e+05
1ecq_0 1ecq  0  0  3  4  1.1730230884e+04
1ecq_0 1ecq  0  0  3  5  1.9783502964e+05
1ecq_0 1ecq  0  0  3  6  1.6369833133e+03
1ecq_0 1ecq  0  0  3  7  8.9207893007e+03
1ecq_0 1ecq  0  0  3  8  9.9570844068e+04
1ecq_0 1ecq  0  0  3  9  1.0606769076e+02
1ecq_0 1ecq  0  0  3 10  5.5365573096e+04
1ecq_0 1ecq  0  0  3 11  7.5999008777e+02
1ecq_0 1ecq  0  0  3 12  3.2827877988e+04
1ecq_0 1ecq  0  0  3 13  6.5619411234e+04
1ecq_0 1ecq  0  0  3 14  1.0479787293e+05
1ecq_0 1ecq  0  0  3 15  1.7509030890e+05
1ecq_0 1ecq  0  0  3 16  1.5786192438e+05
1ecq_0 1ecq  0  0  3 17  1.5124873027e+05
1ecq_0 1ecq  0  0  3 18  1.8395690405e+01
1ecq_0 1ecq  0  0  3 19  2.1031146303e+03
1ecq_0 1ecq  0  0  3 20  6.5619411234e+04
1ecq_0 1ecq  0  0  3 21  1.1730230884e+04
1ecq_0 1ecq  0  0  3 22  8.9207893007e+03
1ecq_0 1ecq  0  0  3 23  1.0479787293e+05
1ecq_0 1ecq  0  0  3 24  3.3317311894e+05
1ecq_0 1ecq  0  0  3 25  5.0379711213e+03
1ecq_0 1ecq  0  0  3 26  2.2431843600e+05
1ecq_0 1ecq  0  0  3 27  6.3869060252e+01
1ecq_0 1ecq  0  0  3 28  1.9783502964e+05
1ecq_0 1ecq  0  0  3 29  3.2827877988e+04
1ecq_0 1ecq  0  0  3 30  1.7509030890e+05
1ecq_0 1ecq  0  0  3 31  1.6369833133e+03
