1ecq	 7.432	20	3
6die	 7.408	20	3
6dhu	 7.405	20	3
2q9y	 7.380	20	3
2bjm	 7.378	20	3
4gui	 7.377	20	3
6cjw	 7.377	20	3
3b9s	 7.375	20	3
4iuo	 7.371	20	3
4lm3	 7.367	20	3
1lrh	 7.350	20	3
2ha0	 7.350	20	3
3n7a	 7.321	20	3
1h0r	 7.316	20	3
4bg1	 7.308	20	3
6o4x	 7.301	20	3
4guj	 7.300	20	3
2vzr	 7.293	20	3
1wht	 7.291	20	3
3oay	 7.291	20	3
1i2s	 7.290	20	3
2aa9	 7.277	20	3
4pnc	 7.276	20	3
6d50	 7.273	20	3
2aay	 7.265	20	3
1we2	 7.256	20	3
2ael	 7.256	20	3
5muc	 7.252	20	3
2os9	 7.239	20	3
4eu3	 7.231	20	3
4oi6	 7.209	20	3
3uug	 7.191	20	3
2gtv	 7.183	20	3
2ay4	 7.182	20	3
2ybk	 7.171	20	3
4aci	 7.168	20	3
2c57	 7.147	20	3
4de5	 7.145	20	3
4rgd	 7.145	20	3
2ybs	 7.142	20	3
6knh	 7.125	20	3
6fba	 7.115	19	3
2yde	 7.110	19	3
2yc0	 7.107	19	3
3ppo	 7.105	19	3
1gu1	 7.104	19	3
4b32	 7.104	19	3
5f6v	 7.102	19	3
2cht	 7.090	19	3
3w5n	 7.088	19	3
4to8	 7.074	19	3
3ry8	 7.047	19	3
4irx	 7.046	19	3
4ctj	 7.038	19	3
2dri	 7.037	19	3
1x8d	 7.028	19	3
1drj	 7.023	19	3
2ha2	 7.021	19	3
1drk	 7.019	19	3
4g5f	 7.019	19	3
3kqs	 7.016	19	3
4gby	 7.016	19	3
4ddk	 6.986	19	3
2xlc	 6.979	19	3
2ybp	 6.938	19	3
2bo4	 6.932	19	3
5z5f	 6.901	19	3
2wsx	 6.899	19	3
1bap	 6.862	19	3
3ime	 6.841	19	3
4c1y	 6.808	19	3
6abp	 6.802	19	3
3aqt	 6.799	19	3
4y0a	 6.773	19	3
2o7v	 6.758	19	3
4e3h	 6.757	19	3
5mxf	 6.740	18	3
2ha4	 6.733	18	3
4s3e	 6.732	18	3
1yys	 6.712	18	3
4e49	 6.705	18	3
2boj	 6.699	18	3
5i3a	 6.695	18	3
4mg5	 6.688	18	3
4nrm	 6.681	18	3
1o4o	 6.680	18	3
3szb	 6.678	18	3
4bi1	 6.672	18	3
4bi2	 6.672	18	3
3rqw	 6.661	18	3
4c5w	 6.652	18	3
4bhf	 6.643	18	3
1rdj	 6.639	18	3
2fpz	 6.637	18	3
1ofz	 6.630	18	3
6eq5	 6.630	18	3
4bhz	 6.627	18	3
4o61	 6.624	18	3
5cp9	 6.624	18	3
2fw6	 6.618	18	3
2xz5	 6.617	18	3
2aac	 6.612	18	3
3kqa	 6.611	18	3
4lbp	 6.606	18	3
2fwp	 6.604	18	3
3tb6	 6.598	18	3
2jdu	 6.594	18	3
2jdm	 6.593	18	3
2jdp	 6.592	18	3
1oxr	 6.584	18	3
1rdi	 6.573	18	3
1o4p	 6.558	18	3
3kgq	 6.530	18	3
4csd	 6.525	18	3
6dsp	 6.500	18	3
2boi	 6.490	18	3
4llj	 6.488	18	3
1abf	 6.484	18	3
1apb	 6.479	18	3
2bt9	 6.476	18	3
5a6x	 6.475	18	3
3zi8	 6.466	18	3
4yuw	 6.463	18	3
6htn	 6.457	18	3
3fcq	 6.451	18	3
4led	 6.434	18	3
7abp	 6.428	18	3
6h9v	 6.424	18	3
1ogd	 6.406	18	3
2fx6	 6.400	18	3
1grp	 6.385	18	3
4s3f	 6.385	18	3
3kpw	 6.375	18	3
3guz	 6.318	17	3
2c4v	 6.309	17	3
5go2	 6.305	17	3
1tng	 6.292	17	3
3itc	 6.239	17	3
2w97	 6.192	17	3
4h85	 6.180	17	3
4yuy	 6.178	17	3
3nus	 6.170	17	3
1tog	 6.165	17	3
2qpq	 6.160	17	3
5mnn	 6.151	17	3
1rq2	 6.149	17	3
1ahx	 6.120	17	3
5mno	 6.113	17	3
5mos	 6.113	17	3
5mo2	 6.096	17	3
6abx	 6.089	17	3
4umc	 6.086	17	3
1aw1	 6.085	17	3
6f9g	 6.080	17	3
4twd	 6.066	17	3
1toj	 6.057	17	3
5wg8	 6.051	17	3
1toi	 6.032	17	3
4b33	 6.030	17	3
2j27	 6.028	17	3
4ahs	 6.021	17	3
4jym	 6.011	17	3
4umb	 6.007	17	3
1ml1	 5.999	16	3
1kv5	 5.984	16	3
3moh	 5.981	16	3
1pdz	 5.955	16	3
4bi6	 5.955	16	3
1lyx	 5.937	16	3
4bi7	 5.936	16	3
2v2h	 5.931	16	3
3rxf	 5.927	16	3
2dw7	 5.890	16	3
2ypi	 5.890	16	3
1w8l	 5.889	16	3
2v2c	 5.883	16	3
1hyo	 5.838	16	3
2rin	 5.825	16	3
3moe	 5.822	16	3
5j32	 5.805	16	3
3fj7	 5.796	16	3
1s89	 5.794	16	3
3dc2	 5.794	16	3
5dnu	 5.765	16	3
4ipj	 5.762	16	3
1hti	 5.761	16	3
1egh	 5.757	16	3
1amk	 5.727	16	3
3mwe	 5.704	16	3
2rka	 5.697	16	3
2vj1	 5.696	16	3
3c14	 5.689	16	3
4kww	 5.673	16	3
3c2r	 5.659	16	3
6hke	 5.657	16	3
4mfe	 5.652	16	3
1lzo	 5.630	16	3
3tz4	 5.603	15	3
3wns	 5.603	15	3
1d5r	 5.576	15	3
1rpa	 5.569	15	3
2yfa	 5.567	15	3
4ayu	 5.565	15	3
5ai6	 5.554	15	3
3tz0	 5.549	15	3
2o1c	 5.537	15	3
2yiv	 5.533	15	3
5lud	 5.526	15	3
4avs	 5.453	15	3
1m1b	 5.387	15	3
5cdh	 5.383	15	3
3fw4	 5.353	15	3
4k7i	 5.351	15	3
5swg	 5.349	15	3
4lpf	 5.316	15	3
4oow	 5.313	15	3
1gzg	 5.307	15	3
4q9y	 5.283	15	3
5kbi	 5.282	15	3
5thj	 5.257	15	3
3p4w	 5.239	14	3
1kqb	 5.198	14	3
3ad7	 5.191	14	3
1d7j	 5.154	14	3
1gyx	 5.147	14	3
4ipi	 5.140	14	3
6n9h	 5.122	14	3
4bt5	 5.109	14	3
4bt3	 5.103	14	3
4bt4	 5.093	14	3
5thi	 5.093	14	3
4olc	 5.080	14	3
6naf	 5.056	14	3
3chg	 5.016	14	3
185l	 4.959	14	3
5mnc	 4.954	14	3
5mny	 4.950	14	3
5moo	 4.949	14	3
5kbe	 4.836	13	3
2b4m	 4.805	13	3
3f39	 4.796	13	3
1li2	 4.795	13	3
6cqt	 4.788	13	3
3ppp	 4.784	13	3
2rke	 4.778	13	3
4i7l	 4.776	13	3
1ai7	 4.733	13	3
2b4l	 4.728	13	3
3l6h	 4.722	13	3
1sw1	 4.705	13	3
6d8v	 4.700	13	3
1r9l	 4.696	13	3
2uyn	 4.693	13	3
1sw2	 4.685	13	3
5wic	 4.663	13	3
3mam	 4.651	13	3
4m6u	 4.641	13	3
1p28	 4.436	12	3
5wbf	 4.394	12	3
3mjl	 4.391	12	3
3p1d	 4.030	11	3
2q8h	 3.946	11	3
5hcl	 3.871	11	3
1rql	 3.778	11	3
5eci	 7.362	20	2
6f4n	 7.309	20	2
3pwk	 7.307	20	2
5c5t	 7.295	20	2
3tvl	 7.275	20	2
4y5s	 7.167	20	2
3ouj	 7.149	20	2
5c3p	 7.098	19	2
5hv0	 7.097	19	2
4nro	 7.093	19	2
4qkd	 7.051	19	2
1gt4	 7.044	19	2
4oct	 6.985	19	2
4lh3	 6.964	19	2
5o1s	 6.898	19	2
5vdu	 6.896	19	2
6gdy	 6.834	19	2
4usi	 6.615	18	2
2xzw	 6.540	18	2
2ay7	 6.519	18	2
3hww	 6.504	18	2
4w55	 6.503	18	2
4hco	 6.410	18	2
184l	 6.368	17	2
2a2g	 6.329	17	2
1e02	 6.268	17	2
2ay2	 6.195	17	2
5tig	 6.180	17	2
186l	 6.115	17	2
3p4r	 6.055	17	2
1ylv	 5.971	16	2
4kz7	 5.962	16	2
4h7q	 5.875	16	2
4w57	 5.875	16	2
187l	 5.786	16	2
5mz8	 5.777	16	2
3p4q	 5.748	16	2
4cts	 5.746	16	2
1cze	 5.744	16	2
1czc	 5.700	16	2
4lh2	 5.646	16	2
6c85	 5.468	15	2
1ahy	 5.285	15	2
1tok	 5.146	14	2
4w54	 5.097	14	2
4b5t	 4.945	14	2
1ugp	 4.931	14	2
3bh3	 4.921	14	2
3u6w	 4.867	13	2
3umq	 4.650	13	2
188l	 4.403	12	2
4w53	 4.327	12	2
4i7k	 4.293	12	2
5hwv	 4.285	12	2
1g42	 4.088	11	2
1g5f	 3.983	11	2
1iup	 3.780	11	2
4b5s	 3.726	10	2
2hzl	 3.718	10	2
4b5w	 3.656	10	2
2o9a	 3.635	10	2
1t5a	 3.542	10	2
2dua	 3.508	10	2
3mof	 3.508	10	2
2hwg	 3.505	10	2
2sfp	 3.499	10	2
2rk7	 3.461	10	2
5vh0	 6.966	19	1
2ygu	 6.604	18	1
5vkf	 5.002	14	1
2z9g	 2.850	 8	1
4i7j	 2.835	 8	1
4w52	 2.805	 8	1
1swi	 2.804	 8	1
223l	 2.796	 8	1
1l83	 2.794	 8	1
220l	 2.789	 8	1
