target_col        map_0       map_1       map_2       map_3       map_4       map_5       map_6        map_7        map_8        map_9
pro          0.00000000  0.00000000  0.00000000  0.00000000  0.00000000  0.00000000  0.00000000   0.00000000   0.00000000   0.00000000
s6          14.35258963  5.33038143  5.47561031  6.29535107  5.36350807  6.73568198  8.77689949  11.13490183  13.84172275  14.35071426
s7           4.53719459  1.68586530  1.73149535  1.99131940  1.69561685  2.13072585  2.77477186   3.52417773   4.37845005   4.54098833
s8           1.43529780  0.53299493  0.54763223  0.62922999  0.53611451  0.67396911  0.87779478   1.11374328   1.38404244   1.43485840
s9           0.45416318  0.16852058  0.17313455  0.19900716  0.16966945  0.21308784  0.27742256   0.35225955   0.43761394   0.45376797
s10          0.14348872  0.05331760  0.05474520  0.06296441  0.05362143  0.06738119  0.08774811   0.11141472   0.13845171   0.14352411
s11          0.04538113  0.01685984  0.01731749  0.01989939  0.01695915  0.02130845  0.02774974   0.03522681   0.04378325   0.04537972
s12          0.01435234  0.00533059  0.00547393  0.00629273  0.00536012  0.00674237  0.00877759   0.01113681   0.01384837   0.01435160
s13          0.00454019  0.00168564  0.00173174  0.00199012  0.00169516  0.00213073  0.00277463   0.00352074   0.00437719   0.00453911
s14          0.00143505  0.00053313  0.00054766  0.00062977  0.00053615  0.00067378  0.00087719   0.00111402   0.00138465   0.00143560
s15          0.00045369  0.00016862  0.00017310  0.00019896  0.00016957  0.00021311  0.00027761   0.00035226   0.00043792   0.00045382
s16          0.00014349  0.00005328  0.00005476  0.00006294  0.00005364  0.00006737  0.00008776   0.00011140   0.00013843   0.00014347
s17          0.00004538  0.00001685  0.00001732  0.00001990  0.00001696  0.00002131  0.00002775   0.00003521   0.00004375   0.00004538
