pearson_mean
target_col       map_0       map_1       map_2       map_3       map_4       map_5       map_6       map_7       map_8       map_9
pro         1.00000000  0.39520673  0.39962400  0.42972403  0.52217753  0.64298288  0.77619963  0.91154751  0.99271950  1.00000000
s6          0.07558177  0.05580571  0.05544347  0.05003988  0.05423133  0.06326073  0.07080505  0.07719400  0.07559389  0.07516987
s7          0.22867201  0.16150763  0.16201470  0.14701345  0.16192589  0.18992404  0.21438556  0.23220138  0.22845702  0.22799188
s8          0.56573569  0.32054196  0.32288309  0.32113827  0.36891226  0.43957321  0.50641985  0.55966388  0.56666927  0.56591931
s9          0.88301877  0.38489015  0.38914613  0.41267229  0.49612956  0.60590855  0.72145880  0.83062507  0.88168930  0.88304282
s10         0.98391658  0.39410248  0.39854452  0.42787937  0.51930210  0.63887634  0.76990135  0.90154868  0.97784263  0.98390665
s11         0.99830828  0.39509307  0.39950437  0.42955101  0.52189627  0.64256938  0.77555657  0.91052126  0.99116231  0.99830809
s12         0.99982987  0.39519693  0.39961382  0.42970368  0.52214861  0.64294681  0.77613332  0.91144083  0.99256277  0.99982987
s13         0.99998297  0.39520558  0.39962262  0.42972192  0.52217448  0.64297795  0.77619217  0.91153731  0.99270407  0.99998297
s14         0.99999830  0.39520706  0.39962380  0.42972399  0.52217708  0.64298262  0.77619865  0.91154673  0.99271800  0.99999830
s15         0.99999983  0.39520673  0.39962400  0.42972400  0.52217755  0.64298300  0.77619953  0.91154749  0.99271933  0.99999983
s16         0.99999998  0.39520672  0.39962402  0.42972405  0.52217751  0.64298289  0.77619960  0.91154745  0.99271948  0.99999998
s17         1.00000000  0.39520672  0.39962402  0.42972404  0.52217754  0.64298287  0.77619963  0.91154753  0.99271950  1.00000000

spearman_mean
target_col       map_0       map_1       map_2       map_3       map_4       map_5       map_6       map_7       map_8       map_9
pro         1.00000000  0.58545275  0.58908598  0.63306657  0.74026152  0.84867080  0.92930554  0.97845030  0.99864353  1.00000000
s6          0.05894135  0.08076425  0.07943859  0.06986846  0.07101832  0.07438088  0.07359518  0.06924004  0.06005057  0.05904918
s7          0.17794574  0.23518710  0.23382006  0.20762860  0.21391949  0.22497094  0.22400545  0.20899241  0.18095496  0.17745620
s8          0.42721945  0.47270247  0.47274146  0.46236926  0.49905315  0.53410928  0.53399369  0.49978974  0.43612442  0.42738957
s9          0.64319103  0.56995614  0.57304304  0.60340619  0.68834877  0.76010501  0.77915089  0.74034386  0.65225341  0.64334745
s10         0.74671275  0.58372274  0.58736495  0.62945514  0.72936647  0.81950639  0.85831454  0.83338541  0.75230196  0.74649381
s11         0.81432249  0.58527198  0.58889146  0.63270129  0.73762605  0.83545184  0.88987821  0.88390326  0.81853602  0.81428251
s12         0.86890209  0.58543074  0.58906745  0.63302832  0.73986124  0.84290324  0.90786906  0.91974818  0.87203968  0.86875695
s13         0.91302969  0.58544864  0.58908246  0.63306317  0.74021756  0.84707008  0.91843096  0.94453888  0.91530239  0.91304222
s14         0.94643399  0.58545265  0.58908555  0.63306646  0.74025752  0.84843913  0.92475143  0.96012290  0.94768447  0.94646108
s15         0.96957780  0.58545266  0.58908586  0.63306655  0.74026122  0.84864568  0.92821677  0.96938710  0.96976878  0.96949093
s16         0.98375307  0.58545286  0.58908588  0.63306669  0.74026155  0.84866821  0.92916496  0.97501380  0.98339909  0.98374272
s17         0.99214347  0.58545292  0.58908592  0.63306660  0.74026152  0.84867051  0.92929062  0.97777208  0.99141848  0.99219755

kendall_mean
target_col       map_0       map_1       map_2       map_3       map_4       map_5       map_6       map_7       map_8       map_9
pro         1.00000000  0.42247855  0.42699814  0.47111338  0.58122074  0.70753067  0.82254746  0.91416460  0.98678592  1.00000000
s6          0.03955473  0.05420123  0.05331038  0.04687158  0.04764911  0.04990361  0.04937924  0.04647176  0.04029223  0.03963401
s7          0.12003001  0.15849112  0.15757404  0.13961741  0.14385644  0.15137128  0.15086230  0.14087869  0.12198921  0.11972161
s8          0.30181742  0.32907865  0.32921424  0.32060253  0.34688853  0.37279560  0.37423647  0.35199511  0.30757675  0.30197888
s9          0.49760242  0.40836928  0.41168827  0.43702587  0.50699148  0.56841607  0.58868121  0.56536012  0.50298033  0.49775766
s10         0.61948851  0.42085376  0.42525276  0.46503551  0.55550094  0.64268538  0.68622065  0.67464038  0.61934892  0.61930575
s11         0.70485354  0.42229635  0.42679410  0.47015156  0.57074910  0.67161015  0.73567935  0.74206442  0.70095758  0.70480622
s12         0.77576119  0.42244590  0.42697047  0.47095723  0.57754240  0.68796064  0.76826648  0.79468322  0.76961459  0.77562178
s13         0.83689969  0.42246350  0.42698720  0.47108193  0.58004513  0.69872127  0.79044220  0.83578393  0.82940536  0.83697469
s14         0.88784090  0.42246731  0.42698986  0.47110190  0.58084785  0.70440084  0.80541255  0.86559913  0.87900858  0.88788747
s15         0.92748779  0.42246740  0.42699036  0.47110524  0.58109777  0.70651390  0.81526047  0.88599167  0.91729428  0.92738886
s16         0.95560936  0.42246768  0.42699037  0.47110609  0.58117594  0.70720168  0.82004924  0.89980860  0.94455715  0.95560624
s17         0.97464134  0.42246779  0.42699040  0.47110615  0.58120048  0.70741924  0.82173834  0.90847331  0.96290507  0.97471134
