rz90 rz180 ry90 ry180 rx90   z_index y_index x_index      z    y    x           amplitude_real          amplitude_imag
   0     0    0     0    0         3       2       2    1.5  0.5  0.5   1.7677669529663681e-01   0.0000000000000000e+00
   0     0    0     0    1         1       3       2   -0.5  1.5  0.5   1.7677669529663681e-01   0.0000000000000000e+00
   0     0    0     1    0         0       2       1   -1.5  0.5 -0.5   1.7677669529663681e-01   0.0000000000000000e+00
   0     0    0     1    1         1       0       1   -0.5 -1.5 -0.5   1.7677669529663681e-01   0.0000000000000000e+00
   0     0    1     0    0         2       2       0    0.5  0.5 -1.5   1.7677669529663681e-01   0.0000000000000000e+00
   0     0    1     0    1         1       2       0   -0.5  0.5 -1.5   1.7677669529663681e-01   0.0000000000000000e+00
   0     0    1     1    0         1       2       3   -0.5  0.5  1.5   1.7677669529663681e-01   0.0000000000000000e+00
   0     0    1     1    1         1       1       3   -0.5 -0.5  1.5   1.7677669529663681e-01   0.0000000000000000e+00
   0     1    0     0    0         3       1       1    1.5 -0.5 -0.5   1.7677669529663681e-01   0.0000000000000000e+00
   0     1    0     0    1         2       3       1    0.5  1.5 -0.5   1.7677669529663681e-01   0.0000000000000000e+00
   0     1    0     1    0         0       1       2   -1.5 -0.5  0.5   1.7677669529663681e-01   0.0000000000000000e+00
   0     1    0     1    1         2       0       2    0.5 -1.5  0.5   1.7677669529663681e-01   0.0000000000000000e+00
   0     1    1     0    0         1       1       0   -0.5 -0.5 -1.5   1.7677669529663681e-01   0.0000000000000000e+00
   0     1    1     0    1         2       1       0    0.5 -0.5 -1.5   1.7677669529663681e-01   0.0000000000000000e+00
   0     1    1     1    0         2       1       3    0.5 -0.5  1.5   1.7677669529663681e-01   0.0000000000000000e+00
   0     1    1     1    1         2       2       3    0.5  0.5  1.5   1.7677669529663681e-01   0.0000000000000000e+00
   1     0    0     0    0         3       1       2    1.5 -0.5  0.5   1.7677669529663681e-01   0.0000000000000000e+00
   1     0    0     0    1         2       3       2    0.5  1.5  0.5   1.7677669529663681e-01   0.0000000000000000e+00
   1     0    0     1    0         0       1       1   -1.5 -0.5 -0.5   1.7677669529663681e-01   0.0000000000000000e+00
   1     0    0     1    1         2       0       1    0.5 -1.5 -0.5   1.7677669529663681e-01   0.0000000000000000e+00
   1     0    1     0    0         2       1       0    0.5 -0.5 -1.5   1.7677669529663681e-01   0.0000000000000000e+00
   1     0    1     0    1         2       2       0    0.5  0.5 -1.5   1.7677669529663681e-01   0.0000000000000000e+00
   1     0    1     1    0         1       1       3   -0.5 -0.5  1.5   1.7677669529663681e-01   0.0000000000000000e+00
   1     0    1     1    1         2       1       3    0.5 -0.5  1.5   1.7677669529663681e-01   0.0000000000000000e+00
   1     1    0     0    0         3       2       1    1.5  0.5 -0.5   1.7677669529663681e-01   0.0000000000000000e+00
   1     1    0     0    1         1       3       1   -0.5  1.5 -0.5   1.7677669529663681e-01   0.0000000000000000e+00
   1     1    0     1    0         0       2       2   -1.5  0.5  0.5   1.7677669529663681e-01   0.0000000000000000e+00
   1     1    0     1    1         1       0       2   -0.5 -1.5  0.5   1.7677669529663681e-01   0.0000000000000000e+00
   1     1    1     0    0         1       2       0   -0.5  0.5 -1.5   1.7677669529663681e-01   0.0000000000000000e+00
   1     1    1     0    1         1       1       0   -0.5 -0.5 -1.5   1.7677669529663681e-01   0.0000000000000000e+00
   1     1    1     1    0         2       2       3    0.5  0.5  1.5   1.7677669529663681e-01   0.0000000000000000e+00
   1     1    1     1    1         1       2       3   -0.5  0.5  1.5   1.7677669529663681e-01   0.0000000000000000e+00
