1_original_summary

nRMSE_mean
target_col        map_0        map_1        map_2        map_3        map_4        map_5        map_6        map_7        map_8        map_9
pro          0.00000000   0.00000000   0.00000000   0.00000000   0.00000000   0.00000000   0.00000000   0.00000000   0.00000000   0.00000000
s6          64.10272292  28.14955721  28.88541577  30.54077510  25.69736535  31.73027549  40.67157619  51.07244306  62.87276954  64.14039346
s7          20.28683922   8.90264338   9.13200788   9.66229677   8.12308500  10.03089364  12.85604650  16.15661098  19.87781885  20.28235664
s8           6.41265214   2.81650115   2.88985062   3.05549668   2.57003804   3.17217146   4.06694933   5.10925899   6.28534011   6.41185454
s9           2.02676474   0.89061424   0.91397671   0.96641182   0.81249698   1.00372807   1.28575623   1.61587619   1.98742193   2.02828575
s10          0.64143937   0.28172434   0.28901786   0.30536279   0.25700990   0.31699503   0.40669231   0.51083088   0.62853954   0.64108291
s11          0.20287588   0.08907055   0.09138051   0.09659861   0.08127122   0.10030254   0.12859936   0.16157554   0.19875667   0.20284740
s12          0.06412314   0.02816009   0.02890205   0.03055152   0.02568854   0.03172182   0.04067954   0.05107282   0.06285297   0.06414771
s13          0.02028931   0.00890797   0.00913335   0.00965764   0.00812411   0.01002806   0.01286378   0.01614657   0.01987258   0.02028752
s14          0.00641216   0.00281604   0.00288957   0.00305363   0.00257021   0.00317170   0.00406804   0.00510942   0.00628594   0.00641388
s15          0.00202817   0.00089086   0.00091392   0.00096595   0.00081226   0.00100303   0.00128626   0.00161510   0.00198691   0.00202756
s16          0.00064111   0.00028168   0.00028901   0.00030552   0.00025697   0.00031722   0.00040673   0.00051086   0.00062854   0.00064143
s17          0.00020271   0.00008905   0.00009136   0.00009660   0.00008122   0.00010031   0.00012857   0.00016155   0.00019874   0.00020280

pearson_mean
target_col       map_0       map_1       map_2       map_3       map_4       map_5       map_6       map_7       map_8       map_9
pro         1.00000000  1.00000000  1.00000000  1.00000000  1.00000000  1.00000000  1.00000000  1.00000000  1.00000000  1.00000000
s6          0.01543459  0.03148401  0.03073391  0.02577237  0.02392445  0.02190894  0.02015774  0.01778995  0.01569373  0.01600414
s7          0.04943010  0.09901243  0.09767897  0.08247152  0.07490571  0.07024084  0.06252098  0.05581744  0.04859427  0.04899474
s8          0.15197006  0.29863876  0.29566473  0.24971503  0.23094692  0.21393519  0.19354089  0.17345153  0.15289209  0.15255739
s9          0.42671031  0.69667517  0.69127082  0.62304752  0.58731903  0.55380480  0.51491548  0.47246168  0.42839531  0.42712564
s10         0.80629300  0.94933188  0.94754917  0.92520813  0.91000970  0.89306601  0.87017911  0.84235841  0.80912486  0.80641043
s11         0.97068884  0.99453429  0.99431601  0.99155667  0.98952907  0.98703177  0.98335711  0.97835399  0.97164104  0.97069778
s12         0.99686899  0.99944925  0.99942644  0.99914379  0.99893597  0.99867252  0.99828022  0.99773958  0.99698389  0.99686565
s13         0.99968432  0.99994484  0.99994269  0.99991434  0.99989340  0.99986699  0.99982748  0.99977299  0.99969654  0.99968435
s14         0.99996843  0.99999449  0.99999426  0.99999143  0.99998933  0.99998669  0.99998274  0.99997725  0.99996962  0.99996842
s15         0.99999684  0.99999945  0.99999943  0.99999914  0.99999893  0.99999867  0.99999827  0.99999773  0.99999697  0.99999684
s16         0.99999968  0.99999994  0.99999994  0.99999991  0.99999989  0.99999987  0.99999983  0.99999977  0.99999970  0.99999968
s17         0.99999997  0.99999999  0.99999999  0.99999999  0.99999999  0.99999999  0.99999998  0.99999998  0.99999997  0.99999997

spearman_mean
target_col       map_0       map_1       map_2       map_3       map_4       map_5       map_6       map_7       map_8       map_9
pro         1.00000000  1.00000000  1.00000000  1.00000000  1.00000000  1.00000000  1.00000000  1.00000000  1.00000000  1.00000000
s6          0.01206965  0.03039087  0.02951237  0.02484884  0.02270435  0.02052125  0.01807434  0.01515029  0.01214640  0.01212960
s7          0.03827183  0.09558825  0.09402071  0.07904653  0.07144578  0.06577311  0.05641536  0.04749562  0.03853321  0.03837940
s8          0.11793102  0.28921575  0.28621493  0.24090047  0.22098317  0.20067648  0.17518476  0.14835201  0.12056445  0.11823723
s9          0.32509609  0.68715237  0.68107652  0.61004034  0.56914102  0.52405003  0.46740151  0.40139487  0.33226163  0.32507546
s10         0.59866593  0.94649501  0.94427132  0.91827283  0.89533509  0.85859230  0.79840682  0.71376375  0.61107077  0.59859481
s11         0.74456133  0.99417892  0.99389255  0.99015487  0.98317897  0.96578021  0.92665768  0.85508532  0.75287475  0.74461156
s12         0.82097401  0.99941132  0.99938189  0.99897641  0.99684540  0.98719764  0.96289319  0.91114430  0.82687200  0.82107510
s13         0.87628787  0.99994080  0.99993812  0.99989714  0.99953506  0.99460056  0.98028286  0.94566874  0.88070612  0.87621156
s14         0.91898760  0.99999402  0.99999378  0.99998970  0.99994917  0.99844398  0.98998631  0.96875461  0.92241433  0.91901297
s15         0.95055731  0.99999938  0.99999937  0.99999896  0.99999485  0.99976250  0.99572109  0.98319449  0.95293621  0.95055161
s16         0.97189689  0.99999993  0.99999993  0.99999989  0.99999948  0.99997430  0.99890816  0.99166337  0.97348021  0.97191927
s17         0.98507805  0.99999999  0.99999999  0.99999999  0.99999995  0.99999742  0.99985229  0.99673808  0.98595710  0.98505684

kendall_mean
target_col       map_0       map_1       map_2       map_3       map_4       map_5       map_6       map_7       map_8       map_9
pro         1.00000000  1.00000000  1.00000000  1.00000000  1.00000000  1.00000000  1.00000000  1.00000000  1.00000000  1.00000000
s6          0.00804346  0.02033732  0.01975310  0.01662625  0.01517986  0.01370557  0.01206420  0.01010785  0.00809829  0.00808221
s7          0.02548568  0.06392640  0.06287596  0.05284969  0.04772256  0.04390262  0.03762474  0.03165329  0.02566000  0.02555100
s8          0.07875633  0.19542164  0.19339895  0.16227249  0.14858488  0.13473213  0.11741246  0.09925313  0.08051804  0.07896758
s9          0.22228663  0.49805720  0.49322115  0.43429423  0.40178990  0.36751230  0.32505696  0.27676540  0.22723536  0.22230956
s10         0.44114091  0.80087740  0.79746689  0.75594949  0.72407236  0.68175671  0.61951151  0.54007502  0.45104856  0.44118021
s11         0.59638699  0.93483721  0.93357683  0.91759491  0.89887421  0.86582371  0.80614200  0.71563346  0.60490292  0.59644211
s12         0.69408658  0.97930416  0.97889888  0.97367097  0.96411395  0.93992109  0.89191720  0.81016515  0.70114906  0.69415321
s13         0.76942976  0.99344094  0.99332661  0.99166855  0.98799476  0.97203323  0.93780024  0.87274983  0.77552327  0.76935115
s14         0.83258520  0.99792129  0.99788629  0.99736478  0.99615619  0.98820893  0.96465662  0.91777517  0.83787570  0.83261814
s15         0.88474195  0.99933869  0.99933025  0.99916602  0.99878277  0.99584900  0.98135272  0.94939239  0.88901487  0.88476579
s16         0.92517307  0.99978851  0.99978739  0.99973590  0.99961439  0.99866113  0.99199628  0.97059829  0.92838563  0.92518129
s17         0.95411166  0.99993181  0.99993227  0.99991617  0.99987784  0.99957614  0.99723513  0.98483283  0.95625879  0.95411200

Top summary
1% 5243
score  map_0  map_1  map_2  map_3  map_4  map_5  map_6  map_7  map_8  map_9
pro    100.0   75.0   75.0  100.0  100.0  100.0  100.0  100.0  100.0  100.0
s6       0.0    0.0    0.0    0.0    0.0    6.2    0.0    0.0    0.0    0.0
s7       0.0    0.0    0.0    6.2    0.0    0.0    6.2    0.0    0.0    0.0
s8       6.2    0.0   12.5    6.2    0.0    6.2    6.2    0.0    0.0    0.0
s9       0.0   18.8   25.0   37.5    6.2    6.2    6.2    0.0    0.0    0.0
s10      0.0   68.8   81.2   68.8   31.2    0.0    0.0    0.0    0.0    6.2
s11      0.0   62.5   68.8  100.0   87.5   12.5    6.2    6.2    0.0    6.2
s12      6.2   75.0   75.0  100.0   93.8   18.8    0.0    6.2   12.5    0.0
s13      6.2   75.0   75.0  100.0  100.0   81.2   18.8    0.0    6.2    0.0
s14      0.0   75.0   75.0  100.0  100.0  100.0   43.8   37.5    6.2    6.2
s15     12.5   75.0   75.0  100.0  100.0  100.0   68.8   25.0    6.2   12.5
s16     18.8   75.0   75.0  100.0  100.0  100.0  100.0   75.0   12.5    6.2
s17     43.8   75.0   75.0  100.0  100.0  100.0  100.0   93.8   31.2   25.0

10% 52429
score  map_0  map_1  map_2  map_3  map_4  map_5  map_6  map_7  map_8  map_9
pro    100.0  100.0  100.0  100.0  100.0  100.0  100.0  100.0  100.0  100.0
s6       6.2    0.0   12.5   43.8    6.2   12.5   12.5   18.8    6.2    6.2
s7      12.5    6.2   12.5   25.0   12.5   18.8   25.0   25.0   12.5   18.8
s8      12.5   31.2   31.2   31.2   18.8   25.0   12.5   18.8    6.2   12.5
s9      12.5   75.0   50.0   81.2   37.5   12.5   18.8   18.8    6.2   18.8
s10     12.5  100.0  100.0  100.0   93.8   50.0   43.8   31.2   25.0   25.0
s11     31.2  100.0  100.0  100.0  100.0   68.8   68.8   37.5   12.5   31.2
s12     18.8  100.0  100.0  100.0  100.0   93.8   56.2   37.5   18.8   18.8
s13     12.5  100.0  100.0  100.0  100.0   93.8   87.5   37.5   50.0   18.8
s14     37.5  100.0  100.0  100.0  100.0  100.0   75.0   75.0   43.8   43.8
s15     37.5  100.0  100.0  100.0  100.0  100.0  100.0   75.0   62.5   56.2
s16     75.0  100.0  100.0  100.0  100.0  100.0  100.0   93.8   68.8   81.2
s17     87.5  100.0  100.0  100.0  100.0  100.0  100.0  100.0   75.0   87.5
