2_fixed_map0_summary

pearson_mean
target_col       map_0       map_1       map_2       map_3       map_4       map_5       map_6       map_7       map_8       map_9
pro         1.00000000  0.48342283  0.48518067  0.52262367  0.59813917  0.69704942  0.80843390  0.92307632  0.99275555  1.00000000
s6          0.01543459  0.01554464  0.01531346  0.01370751  0.01469586  0.01576563  0.01664563  0.01658303  0.01566094  0.01600414
s7          0.04943010  0.04974673  0.04908303  0.04453717  0.04547242  0.04996931  0.05126602  0.05167494  0.04825446  0.04899474
s8          0.15197006  0.14859017  0.14769396  0.13466211  0.14207271  0.15230390  0.15790013  0.16060872  0.15180592  0.15255739
s9          0.42671031  0.34205076  0.34084400  0.33138913  0.35815461  0.39139913  0.41949920  0.43719073  0.42525172  0.42712564
s10         0.80629300  0.46026116  0.46114974  0.48543082  0.54650395  0.62486548  0.70511625  0.77848573  0.80316245  0.80641043
s11         0.97068884  0.48095725  0.48254740  0.51851340  0.59220849  0.68836772  0.79531772  0.90321281  0.96458923  0.97069778
s12         0.99686899  0.48317505  0.48490880  0.52216767  0.59753189  0.69615310  0.80707764  0.92100266  0.98976195  0.99686565
s13         0.99968432  0.48339987  0.48514879  0.52258155  0.59807586  0.69696246  0.80829918  0.92287159  0.99245292  0.99968435
s14         0.99996843  0.48342224  0.48517664  0.52261958  0.59813291  0.69704184  0.80842148  0.92305834  0.99272600  0.99996842
s15         0.99999684  0.48342270  0.48518030  0.52262347  0.59813939  0.69704882  0.80843253  0.92307460  0.99275253  0.99999684
s16         0.99999968  0.48342281  0.48518070  0.52262346  0.59813905  0.69704942  0.80843378  0.92307612  0.99275534  0.99999968
s17         0.99999997  0.48342279  0.48518063  0.52262368  0.59813919  0.69704943  0.80843388  0.92307631  0.99275554  0.99999997

spearman_mean
target_col       map_0       map_1       map_2       map_3       map_4       map_5       map_6       map_7       map_8       map_9
pro         1.00000000  0.66142758  0.65985022  0.71649967  0.80056918  0.88426006  0.94832712  0.98526104  0.99923552  1.00000000
s6          0.01206965  0.02089109  0.02015090  0.01795214  0.01811834  0.01781127  0.01679477  0.01470566  0.01213394  0.01212960
s7          0.03827183  0.06576585  0.06428277  0.05776039  0.05672902  0.05698994  0.05215100  0.04621034  0.03847039  0.03837940
s8          0.11793102  0.19795668  0.19516274  0.17541878  0.17626752  0.17396820  0.16219626  0.14434403  0.12033828  0.11823723
s9          0.32509609  0.46415351  0.45953787  0.44091036  0.45361197  0.45476094  0.43373324  0.39079164  0.33163596  0.32507546
s10         0.59866593  0.62888521  0.62604409  0.65838174  0.71269466  0.75047993  0.74732454  0.69807773  0.61027439  0.59859481
s11         0.74456133  0.65790913  0.65613746  0.70946736  0.78563754  0.85074512  0.87487899  0.84004683  0.75214300  0.74461156
s12         0.82097401  0.66106413  0.65946953  0.71575180  0.79760722  0.87151998  0.91119490  0.89635829  0.82611739  0.82107510
s13         0.87628787  0.66138993  0.65980925  0.71642604  0.80012367  0.87887024  0.92860985  0.93092364  0.87994296  0.87621156
s14         0.91898760  0.66142389  0.65984564  0.71649247  0.80052058  0.88270531  0.93831302  0.95401577  0.92165020  0.91901297
s15         0.95055731  0.66142688  0.65984952  0.71649899  0.80056466  0.88402314  0.94404804  0.96845553  0.95217175  0.95055161
s16         0.97189689  0.66142718  0.65985015  0.71649952  0.80056857  0.88423436  0.94723533  0.97692445  0.97271575  0.97191927
s17         0.98507805  0.66142756  0.65985019  0.71649974  0.80056916  0.88425746  0.94817944  0.98199913  0.98519262  0.98505684

kendall_mean
target_col       map_0       map_1       map_2       map_3       map_4       map_5       map_6       map_7       map_8       map_9
pro         1.00000000  0.47987601  0.47904833  0.53663487  0.63295541  0.74110619  0.84419101  0.92605045  0.98964849  1.00000000
s6          0.00804346  0.01395311  0.01346104  0.01199159  0.01210338  0.01189110  0.01120599  0.00980818  0.00808903  0.00808221
s7          0.02548568  0.04389012  0.04290445  0.03854679  0.03785338  0.03801304  0.03476678  0.03078795  0.02561556  0.02555100
s8          0.07875633  0.13274259  0.13087570  0.11752225  0.11806499  0.11649249  0.10853293  0.09650552  0.08035532  0.07896758
s9          0.22228663  0.32037872  0.31713415  0.30330246  0.31226945  0.31315962  0.29828889  0.26823542  0.22668743  0.22230956
s10         0.44114091  0.45106964  0.44897553  0.47637148  0.52186414  0.55390548  0.55287991  0.51667786  0.44937801  0.44118021
s11         0.59638699  0.47667463  0.47563753  0.52686065  0.60087299  0.66645785  0.69461273  0.67019134  0.60077404  0.59644211
s12         0.69408658  0.47954351  0.47869559  0.53522472  0.62144133  0.70328408  0.75384864  0.74866580  0.69416676  0.69415321
s13         0.76942976  0.47984146  0.47901002  0.53644984  0.62904593  0.72078345  0.78837238  0.80351404  0.76665967  0.76935115
s14         0.83258520  0.47987224  0.47904390  0.53661124  0.63173612  0.73183873  0.81101581  0.84548451  0.82811958  0.83261814
s15         0.88474195  0.47987488  0.47904731  0.53663108  0.63257929  0.73777219  0.82625676  0.87599902  0.87888863  0.88476579
s16         0.92517307  0.47987514  0.47904795  0.53663397  0.63283767  0.74002882  0.83641770  0.89683102  0.91811718  0.92518129
s17         0.95411166  0.47987551  0.47904801  0.53663457  0.63291837  0.74076569  0.84150005  0.91094195  0.94593716  0.95411200

Top summary
1% 5243
score  map_0  map_1  map_2  map_3  map_4  map_5  map_6  map_7  map_8  map_9
pro    100.0   75.0   75.0  100.0  100.0  100.0  100.0  100.0  100.0  100.0
s6       0.0    0.0    0.0    0.0    0.0    6.2    0.0    0.0    0.0    0.0
s7       0.0    0.0    0.0    6.2    0.0    0.0    6.2    0.0    0.0    0.0
s8       6.2    0.0   12.5    6.2    0.0    6.2    6.2    0.0    0.0    0.0
s9       0.0   18.8   25.0   37.5    6.2    6.2    6.2    0.0    0.0    0.0
s10      0.0   68.8   81.2   68.8   31.2    0.0    0.0    0.0    0.0    6.2
s11      0.0   62.5   68.8  100.0   87.5   12.5    6.2    6.2    0.0    6.2
s12      6.2   75.0   75.0  100.0   93.8   18.8    0.0    6.2   12.5    0.0
s13      6.2   75.0   75.0  100.0  100.0   81.2   18.8    0.0    6.2    0.0
s14      0.0   75.0   75.0  100.0  100.0  100.0   43.8   37.5    6.2    6.2
s15     12.5   75.0   75.0  100.0  100.0  100.0   68.8   25.0    6.2   12.5
s16     18.8   75.0   75.0  100.0  100.0  100.0  100.0   75.0   12.5    6.2
s17     43.8   75.0   75.0  100.0  100.0  100.0  100.0   93.8   31.2   25.0

10% 52429
score  map_0  map_1  map_2  map_3  map_4  map_5  map_6  map_7  map_8  map_9
pro    100.0  100.0  100.0  100.0  100.0  100.0  100.0  100.0  100.0  100.0
s6       6.2    0.0   12.5   43.8    6.2   12.5   12.5   18.8    6.2    6.2
s7      12.5    6.2   12.5   25.0   12.5   18.8   25.0   25.0   12.5   18.8
s8      12.5   31.2   31.2   31.2   18.8   25.0   12.5   18.8    6.2   12.5
s9      12.5   75.0   50.0   81.2   37.5   12.5   18.8   18.8    6.2   18.8
s10     12.5  100.0  100.0  100.0   93.8   50.0   43.8   31.2   25.0   25.0
s11     31.2  100.0  100.0  100.0  100.0   68.8   68.8   37.5   12.5   31.2
s12     18.8  100.0  100.0  100.0  100.0   93.8   56.2   37.5   18.8   18.8
s13     12.5  100.0  100.0  100.0  100.0   93.8   87.5   37.5   50.0   18.8
s14     37.5  100.0  100.0  100.0  100.0  100.0   75.0   75.0   43.8   43.8
s15     37.5  100.0  100.0  100.0  100.0  100.0  100.0   75.0   62.5   56.2
s16     75.0  100.0  100.0  100.0  100.0  100.0  100.0   93.8   68.8   81.2
s17     87.5  100.0  100.0  100.0  100.0  100.0  100.0  100.0   75.0   87.5
