map_0
map      occ                 col08              col09              col10              col11              col12              col13              col14              col15              col16              col17              col18              col19              col20              col21              col22              col23              col24              col25              col26              col27              col28              col29              col30              col31              col32
1ecq_0   1ecq    -7.8244019020e+00   1.1851901528e+05   1.6547707675e+07   3.0814943973e+05   5.4912906074e+06   1.7777852292e+04   1.5242555192e+06  -4.3377959592e+04   5.3585885671e+05  -1.1520048285e+04   1.4101122578e+05   4.6601676808e+03   5.4289160374e+04   3.6985043908e+03   1.5797418635e+04   4.0076019826e+02   5.1037172374e+03  -9.2610758539e+01   1.5817258082e+03   1.4099140577e+01   4.6552388887e+02  -1.9057786545e+01   1.5418189361e+02  -1.0452931516e+01   5.0906392448e+01
1h0r_0   1h0r    -8.1316216790e+00   1.7867478197e+06   1.5929367700e+07   7.4820064952e+05   5.1064889036e+06  -1.4628997774e+05   1.3913158652e+06  -6.4099578033e+04   4.9398816348e+05  -1.6281739507e+04   1.4328610494e+05   6.1084441087e+02   4.7467264305e+04   1.9595039996e+03   1.3544548490e+04  -6.2622160930e+02   5.1353101173e+03   3.4877875800e+02   1.5450397296e+03   9.8131428741e+01   5.3314299621e+02  -1.2310915821e+01   1.4501160651e+02  -1.1551430743e+01   4.9848686206e+01
1we2_0   1we2    -5.7282632830e+00  -4.7323633111e+05   1.4387026000e+07  -9.4647266223e+03   4.2295358786e+06  -3.2180070516e+04   1.3804611766e+06  -4.1834091670e+04   3.7556351151e+05  -2.6094251298e+04   1.3312697676e+05   3.5151994675e+03   3.8365894857e+04   7.8292218619e+02   1.2730257012e+04  -1.8161863915e+02   4.4358988688e+03  -1.4903158539e+02   1.1260821413e+03  -2.2399789908e+01   4.0293247122e+02  -1.2122185240e+01   1.3048401180e+02  -1.7052427590e+00   4.0516827120e+01
2aa9_0   2aa9    -7.1829524970e+00   8.0983406968e+05   1.2681133236e+07  -1.7208973981e+05   4.9110761826e+06  -2.2574124692e+05   1.5995953944e+06  -3.4721635738e+04   4.2680609866e+05  -4.8691273440e+03   1.3214290882e+05   3.7302981835e+03   4.7882950154e+04  -1.6318156504e+02   1.5171533539e+04   1.8153442964e+02   4.2752711722e+03  -1.3002695823e+02   1.5413643998e+03   1.0505572469e+00   3.7215918135e+02  -4.4425776166e+00   1.3652521663e+02  -4.4278406610e+00   4.1860541788e+01
2ael_0   2ael    -6.3460691150e+00  -8.9094691793e+04   1.2757675585e+07   8.9094691793e+03   3.8690578952e+06   5.6129655829e+04   1.1963803696e+06  -3.3232320039e+04   3.6911894414e+05   1.7997127742e+03   1.4314731879e+05  -7.8848802236e+03   4.0687946507e+04  -2.6256205671e+02   1.2178106969e+04  -5.2138213637e+01   3.9173267862e+03  -1.0328925809e+02   1.3231139180e+03   3.6334953586e+01   3.7769812482e+02  -6.4504556875e-02   1.1239924449e+02  -6.1466169493e+00   4.5798754467e+01
2bjm_0   2bjm    -5.0004681310e+00  -2.1737574014e+06   1.1307481593e+07   1.2286454877e+05   4.2620738027e+06  -7.2773617351e+04   1.1503945030e+06   1.6917503254e+04   3.9151901466e+05   1.3458393650e+04   1.2673367168e+05  -4.5658356548e+03   4.2860884900e+04   2.6245757842e+03   1.3170395127e+04   4.0365729832e+01   4.2442080375e+03   7.3089284730e+01   1.3264394313e+03  -5.9160508881e+01   4.9267859659e+02   1.9120020411e+01   1.3679935987e+02   2.2203892238e-01   4.2442318726e+01
2gtv_0   2gtv    -6.7330209490e+00   2.1461115890e+05   1.2849543594e+07  -1.1159780263e+06   5.0628462342e+06   1.1803613740e+04   1.5560445200e+06   1.4164336488e+04   4.9215412832e+05  -1.0194030048e+04   1.4394958535e+05   4.0969270235e+03   4.4615139640e+04  -1.4918694711e+03   1.4404564637e+04  -9.8764055327e+01   4.6274214952e+03   1.0347798943e+02   1.5056222132e+03   5.5182108844e+01   4.6032399435e+02   6.1518288706e-01   1.5084443463e+02  -4.9208825729e+00   4.5845486396e+01
2os9_0   2os9    -4.0213171380e+00  -8.3155022935e+04   1.0734941983e+07   6.6524018348e+04   3.5273352498e+06   1.4635284037e+05   1.1980621269e+06  -3.5839814885e+04   3.3552558657e+05  -2.7233270011e+04   1.1223600105e+05   2.2884262312e+03   3.6203316458e+04  -7.1613105751e+02   1.1471724876e+04   3.8112441662e+02   3.8067015209e+03   1.1407538666e+02   1.1677351242e+03  -1.8020525020e+01   3.2492816849e+02  -4.2546267481e-01   1.1897336085e+02  -4.5351676810e+00   3.5779988262e+01
2q9y_0   2q9y    -6.0637588780e+00   9.1975447211e+05   1.7268993433e+07  -8.2777902490e+05   4.4544809700e+06  -3.4490792704e+04   1.7112495352e+06  -8.2777902490e+03   5.1307459735e+05  -1.5808279989e+04   1.4817079488e+05  -3.5295577867e+03   4.7028560173e+04  -1.6195726561e+03   1.4014715627e+04   1.4430947667e+02   5.5730250902e+03  -3.7851345606e+01   1.7697279622e+03  -4.6011062375e+01   4.9796975373e+02  -6.1086987866e+00   1.6209227241e+02  -1.1434529010e+01   4.8402763223e+01
2ybs_0   2ybs    -8.4316525800e+00   2.9551921632e+06   1.6888589079e+07  -8.6193104760e+04   5.6906484757e+06  -2.0440079129e+05   1.5572496494e+06   3.9033163156e+04   5.5192612226e+05  -2.3937056522e+04   1.9847289468e+05   5.8266538818e+03   5.4336665885e+04   4.2136114927e+02   1.7828933860e+04  -1.2198910117e+03   5.0436067449e+03  -3.5837245964e+02   1.6857079448e+03   9.0463603702e+01   5.7158502703e+02  -1.6009359519e+01   1.5394264277e+02  -5.4583876849e+00   5.1187739711e+01
3b9s_0   3b9s    -5.8839061510e+00  -1.4128034532e+06   1.0741044361e+07   6.5930827816e+04   3.8082950207e+06  -6.5930827816e+04   1.2821989647e+06  -3.7674758752e+03   3.8616743743e+05   9.7860185858e+03   1.2157264313e+05  -2.0184252001e+03   3.7838067039e+04   2.4469755809e+02   1.2298183844e+04  -2.6579542299e+01   4.1091293821e+03  -4.3866605353e+01   1.2172099398e+03  -1.9967057017e+01   4.5851929838e+02  -1.6428549488e+01   1.4245260020e+02  -3.0025869113e+00   4.5599960638e+01
4gui_0   4gui    -9.0453795210e+00   2.8661482360e+06   1.5475246457e+07   5.9711421583e+04   5.5221041495e+06   6.4488335310e+04   1.7486886142e+06  -3.9409538245e+04   5.5517903678e+05   1.1010786140e+04   1.7065771496e+05   2.4553336555e+03   4.8577080076e+04   2.9475946150e+03   2.0155720814e+04  -1.4330741186e-01   5.3539864503e+03   6.7981453472e+01   1.6921903674e+03  -2.6806487337e+01   5.3126963645e+02  -2.1214214149e+01   1.4014757694e+02  -5.8115442766e+00   5.1433658298e+01
4lm3_0   4lm3    -6.4512816770e+00   2.0070902920e+06   1.5293196923e+07  -1.7709620223e+05   5.7653461960e+06  -1.0153515595e+05   1.8418540151e+06   6.0212708759e+04   5.1635721261e+05   2.9752161975e+04   1.5169075292e+05  -4.7591652747e+03   4.7049148230e+04  -2.4798190878e+03   1.6548357030e+04   6.2421688722e+02   5.0405965058e+03  -2.8070928695e+01   1.6101700648e+03   6.6519694842e+00   5.4216562457e+02  -2.6091123025e+01   1.7396679935e+02  -1.0681670779e+01   5.4526126425e+01
4pnc_0   4pnc    -5.2612789390e+00   1.8626451492e-11   1.6327862628e+07  -6.1943224151e+05   4.6537103541e+06   1.4294590189e+04   1.5517964168e+06  -5.0507552000e+04   5.2565084339e+05  -7.3498017887e+03   1.5527429280e+05  -6.2419710491e+02   4.9984808371e+04  -6.9721863646e+02   1.8894757866e+04  -3.9545983757e+02   4.7345841251e+03   3.1088112986e+02   1.5831218131e+03  -1.5325230141e+01   4.7460212293e+02  -2.2867151222e+01   1.6477424850e+02  -1.6308366788e+01   4.7438171830e+01
6cjw_0   6cjw    -6.4709056050e+00   6.4535501838e+05   1.5726378366e+07  -5.4855176562e+05   4.4662736850e+06   1.4412928744e+05   1.7309146039e+06   7.7442602205e+03   4.5432043869e+05   6.1631404255e+03   1.5544378665e+05   5.4349648464e+03   5.4018540366e+04   1.2570440166e+03   1.3873154954e+04   4.3805623056e+02   4.8431854317e+03   1.1092577174e+01   1.3978967542e+03   3.0684802618e+01   4.7778395509e+02   1.2852417286e+01   1.5096305992e+02  -8.4656595718e+00   4.4637688955e+01
6o4x_0   6o4x    -9.7084400820e+00   1.8626451492e-11   1.5860212964e+07  -4.7050408666e+05   4.4214685971e+06   1.4552800820e+05   1.4564430363e+06   2.6151273654e+04   4.1406564164e+05   3.9391039814e+02   1.5175184297e+05  -1.2617168891e+04   4.3054879618e+04  -2.9367114377e+03   1.6147168412e+04  -2.4249561787e+02   4.2547779492e+03   9.2691493464e+01   1.3054266978e+03   1.7877951678e+01   4.9763552625e+02   3.9819307952e+00   1.5046336834e+02  -4.5870088985e+00   4.5735519958e+01

map_1
map      occ                 col08              col09              col10              col11              col12              col13              col14              col15              col16              col17              col18              col19              col20              col21              col22              col23              col24              col25              col26              col27              col28              col29              col30              col31              col32
1ecq_0   1ecq    -1.5583402100e-01  -3.1721344617e-01   6.2532119258e+00  -4.1237748002e-01   2.0642213050e+00  -3.1902609443e-01   6.2632946521e-01  -1.7473929263e-01   1.8258894509e-01  -1.5464608663e-01   6.0846179395e-02  -1.5747381792e-01   1.7730432814e-02  -1.5566828430e-01   6.3261759925e-03  -1.5563453279e-01   2.1870105537e-03  -1.5586746715e-01   6.2330746465e-04  -1.5582604615e-01   1.7745500338e-04  -1.5584176636e-01   6.0863624719e-05  -1.5583887038e-01   2.3220534362e-05
1h0r_0   1h0r    -1.6098447200e-01   2.5787163531e-01   5.9483936320e+00  -4.7276466474e-02   2.1124977234e+00  -2.4282912325e-01   6.4525405061e-01  -1.5584042494e-01   1.8569143280e-01  -1.6515388884e-01   6.2147557531e-02  -1.5754323731e-01   2.0023857982e-02  -1.6156556205e-01   5.3844494260e-03  -1.6079980793e-01   1.7057115056e-03  -1.6091385983e-01   6.0077829378e-04  -1.6098793131e-01   2.0404193686e-04  -1.6097600492e-01   6.1604376347e-05  -1.6098516366e-01   1.7389803062e-05
1we2_0   1we2    -1.5712270000e-01  -6.6031304303e-01   6.0596871374e+00  -1.1968173905e-01   1.9091311112e+00  -1.1803095644e-01   5.7094522133e-01  -1.4213238251e-01   1.9049526713e-01  -1.6195415467e-01   5.5193887459e-02  -1.5757421572e-01   1.9400261767e-02  -1.5682529692e-01   5.9000245507e-03  -1.5741391235e-01   1.8523480312e-03  -1.5712334324e-01   6.4358000422e-04  -1.5716923030e-01   1.9327417877e-04  -1.5713036418e-01   5.5914727081e-05  -1.5712143975e-01   1.8413682332e-05
2aa9_0   2aa9    -1.6538146200e-01   2.4602830087e-01   6.1629828812e+00  -4.9615707342e-01   1.9706539562e+00  -1.4269641451e-01   5.9319870681e-01  -1.4798602297e-01   1.5532895311e-01  -1.6122234556e-01   5.5777906817e-02  -1.6379170112e-01   1.8120386195e-02  -1.6541331465e-01   5.0507336374e-03  -1.6502180572e-01   1.8169002681e-03  -1.6537308903e-01   5.6358616935e-04  -1.6536725381e-01   1.8081022439e-04  -1.6537716764e-01   5.3614388634e-05  -1.6538287217e-01   1.9594607591e-05
2ael_0   2ael    -1.6619227300e-01  -2.8285691302e-01   5.5164681425e+00   3.8387723910e-01   1.7973831451e+00  -6.7481577821e-02   6.0548366172e-01  -1.5936966642e-01   1.5824323421e-01  -1.7496720477e-01   5.4020521397e-02  -1.6902842184e-01   1.5628591743e-02  -1.6605482793e-01   5.9952372139e-03  -1.6610039214e-01   1.8261442261e-03  -1.6614964642e-01   4.9260141349e-04  -1.6618586333e-01   1.6906256915e-04  -1.6619530622e-01   5.6969975863e-05  -1.6619469400e-01   1.7881782852e-05
2bjm_0   2bjm    -1.6000004000e-01   6.7370299719e-01   5.4431607489e+00  -2.6527055514e-01   1.7840724702e+00  -1.5453062498e-01   6.0297802890e-01  -1.7448907627e-01   1.8218454914e-01  -1.6787836561e-01   5.6309724556e-02  -1.6237379106e-01   1.8866699689e-02  -1.5895773791e-01   6.2984551060e-03  -1.6019006280e-01   2.0448357876e-03  -1.5996323963e-01   5.8788140436e-04  -1.5997899173e-01   1.8567625272e-04  -1.5999187750e-01   6.1084106809e-05  -1.6000140751e-01   1.7123814747e-05
2gtv_0   2gtv    -1.9750672100e-01  -1.3844042568e-01   7.8284885433e+00  -2.2150468108e-01   2.2353469493e+00  -2.7734231944e-01   6.5667224519e-01  -2.2118165342e-01   2.1973628909e-01  -1.9579629404e-01   7.1552833912e-02  -1.9423699338e-01   2.1619653970e-02  -1.9755647176e-01   7.0751467648e-03  -1.9723781881e-01   2.2628194845e-03  -1.9737292098e-01   6.1960682182e-04  -1.9746793006e-01   2.0405538811e-04  -1.9752586471e-01   6.2802211780e-05  -1.9750415669e-01   1.7490154845e-05
2os9_0   2os9    -1.3505519700e-01   1.5760492683e-01   5.4561470134e+00   1.2608394147e-01   1.9236502738e+00  -9.3774931465e-02   5.6987241735e-01  -1.1394836210e-01   1.6229868137e-01  -1.3539445252e-01   5.1626827649e-02  -1.3685190408e-01   1.7219003806e-02  -1.3491411210e-01   4.9135869236e-03  -1.3521136681e-01   1.7627485085e-03  -1.3494198769e-01   5.1665246350e-04  -1.3505191685e-01   1.8661444347e-04  -1.3504635275e-01   6.3159600027e-05  -1.3505776594e-01   1.8098830585e-05
2q9y_0   2q9y    -1.4997999000e-01   1.5716283995e-01   4.8337719981e+00  -3.4182917690e-01   1.6769011974e+00  -1.6069900385e-01   5.4734444631e-01  -1.5064058210e-01   1.6970585995e-01  -1.5245188383e-01   5.7553144979e-02  -1.4925008387e-01   1.7339695597e-02  -1.5050322177e-01   5.0393764991e-03  -1.4963004861e-01   1.7064419652e-03  -1.5002194869e-01   5.6024737511e-04  -1.4995082641e-01   1.6286466035e-04  -1.4997413916e-01   4.7944916296e-05  -1.4997836375e-01   1.8235914078e-05
2ybs_0   2ybs    -1.3783001400e-01   4.4211275907e-02   6.5754819965e+00  -7.9580296632e-02   2.1276233572e+00  -2.2901440920e-01   6.6325487614e-01  -1.3440227876e-01   1.9514674041e-01  -1.3125001478e-01   6.1210018988e-02  -1.3766374458e-01   1.6818428295e-02  -1.3765936766e-01   6.4445660951e-03  -1.3837604571e-01   1.9717107716e-03  -1.3775196332e-01   5.8189811107e-04  -1.3781420758e-01   2.1171175212e-04  -1.3783087064e-01   6.0963298815e-05  -1.3783047758e-01   2.0205901692e-05
3b9s_0   3b9s    -1.1999004000e-01   5.4715977947e-01   4.2683448995e+00  -2.1886391179e-01   1.5302218553e+00  -1.2938719491e-01   4.2736075245e-01  -1.1088032002e-01   1.5274250457e-01  -1.2401215472e-01   4.6124311989e-02  -1.1867251899e-01   1.6127407198e-02  -1.1989400492e-01   4.5397353069e-03  -1.2004304803e-01   1.3973830771e-03  -1.1990163330e-01   4.0545466987e-04  -1.1999058757e-01   1.3513260416e-04  -1.1999092307e-01   4.0568685000e-05  -1.1998953035e-01   1.3798557411e-05
4gui_0   4gui    -1.7775678400e-01   3.0880714737e-01   6.4937486959e+00  -4.3674153699e-01   1.8888993821e+00  -2.0822424794e-01   6.3815523250e-01  -1.5912391151e-01   2.0425925992e-01  -1.7276436436e-01   6.0742309026e-02  -1.8184064757e-01   1.8849828139e-02  -1.7847672309e-01   6.4678567850e-03  -1.7768314607e-01   2.2209619634e-03  -1.7771635298e-01   5.8336051845e-04  -1.7776147747e-01   1.8616505809e-04  -1.7775969145e-01   6.2062556613e-05  -1.7775795846e-01   2.0555423324e-05
4lm3_0   4lm3    -1.2636549500e-01  -3.3812010250e-01   4.5964266524e+00  -1.8033072134e-01   1.6218263890e+00  -1.5440818014e-01   5.5400107747e-01  -1.4497838617e-01   1.7608191233e-01  -1.1334537214e-01   5.5609318016e-02  -1.2559659052e-01   1.4969998387e-02  -1.2658142167e-01   5.3036252800e-03  -1.2631351033e-01   1.6692613551e-03  -1.2630167725e-01   4.9975898392e-04  -1.2637302270e-01   1.6685975019e-04  -1.2635607382e-01   5.3951615829e-05  -1.2636575777e-01   1.5416149737e-05
4pnc_0   4pnc    -1.4000006000e-01   3.3840390951e-01   5.7567860273e+00  -3.3417386064e-01   1.5727672913e+00  -1.2986250027e-01   5.7508978200e-01  -1.2478644163e-01   2.1758778035e-01  -1.4140630364e-01   5.5343691941e-02  -1.4202389077e-01   1.6581162082e-02  -1.3972765104e-01   5.2527528572e-03  -1.3996592124e-01   1.9270399981e-03  -1.4010512411e-01   5.6015094801e-04  -1.3999151536e-01   1.8148157025e-04  -1.3999335123e-01   5.3651852765e-05  -1.4000149720e-01   1.8440333332e-05
6cjw_0   6cjw    -1.5034666000e-01  -1.1195330361e-01   4.5148906873e+00  -7.8367312524e-02   1.4711586658e+00  -1.2986583218e-01   5.5486941117e-01  -1.6027981300e-01   1.4726196902e-01  -1.5784669453e-01   5.9883099664e-02  -1.4975396339e-01   1.8785355195e-02  -1.5005537900e-01   4.4636237898e-03  -1.5066539763e-01   1.5785433921e-03  -1.5030337273e-01   5.2496286798e-04  -1.5031346518e-01   1.5634673085e-04  -1.5034848362e-01   5.5002270996e-05  -1.5034586604e-01   1.7295220723e-05
6o4x_0   6o4x    -1.6990446300e-01  -1.6536649522e-01   5.8736916530e+00  -3.5967212710e-01   2.0521232060e+00  -1.6577991146e-01   6.2539135109e-01  -1.7756227424e-01   1.9164222018e-01  -1.7597475589e-01   5.7669105852e-02  -1.7090048498e-01   1.8639524776e-02  -1.6904660255e-01   6.3356416337e-03  -1.7012406448e-01   1.9006162364e-03  -1.6988620421e-01   5.5620118192e-04  -1.6991396288e-01   1.8787249994e-04  -1.6990889508e-01   5.4082763062e-05  -1.6990413675e-01   1.7978675319e-05

map_2
map      occ                 col08              col09              col10              col11              col12              col13              col14              col15              col16              col17              col18              col19              col20              col21              col22              col23              col24              col25              col26              col27              col28              col29              col30              col31              col32
1ecq_0   1ecq    -1.4102002050e+00  -5.6580299071e+00   5.6241105923e+01  -2.5678751117e+00   1.8163387573e+01  -7.3554388792e-01   5.8900616282e+00  -1.4153779429e+00   1.9397398612e+00  -1.5128701505e+00   6.1430454718e-01  -1.3925934917e+00   1.9369237742e-01  -1.4001817803e+00   5.4863711752e-02  -1.4119640182e+00   1.8378289370e-02  -1.4112638631e+00   6.5667160325e-03  -1.4101142759e+00   1.7466869235e-03  -1.4101840559e+00   5.9076937133e-04  -1.4101781605e+00   2.1362564784e-04
1h0r_0   1h0r    -1.5251078900e+00   2.0487776002e+00   5.3813045568e+01  -2.5814597763e+00   1.8624592807e+01  -1.2538518913e+00   4.9561686518e+00  -1.4136565442e+00   1.7501662883e+00  -1.6191489375e+00   5.3484004575e-01  -1.5425287528e+00   1.7606644729e-01  -1.5334739753e+00   6.4786979135e-02  -1.5213849992e+00   1.7576248647e-02  -1.5257236340e+00   5.4964279420e-03  -1.5251637498e+00   1.5960235191e-03  -1.5250247187e+00   5.3564390637e-04  -1.5250931440e+00   1.7275488913e-04
1we2_0   1we2    -1.4178068840e+00  -4.3005912682e+00   5.2392793062e+01  -7.4282940088e-01   1.8072286792e+01  -5.7471537857e-01   4.9273336439e+00  -1.4899593930e+00   1.6570748380e+00  -1.4652114451e+00   5.5505371685e-01  -1.4558987102e+00   1.6847187508e-01  -1.4272020375e+00   5.4304510386e-02  -1.4179921650e+00   1.6622120149e-02  -1.4186212672e+00   5.3883807014e-03  -1.4178635734e+00   1.9291069647e-03  -1.4178161658e+00   5.7057864884e-04  -1.4178037062e+00   1.5972200426e-04
2aa9_0   2aa9    -1.4620568570e+00   6.6694123095e+00   6.7158718054e+01  -1.7262008330e+00   1.4986522357e+01  -8.5133086539e-01   4.6376360187e+00  -1.5598578437e+00   1.6664459994e+00  -1.5188605739e+00   5.6117649660e-01  -1.4818178733e+00   1.7129877555e-01  -1.4603243190e+00   4.7970466473e-02  -1.4627868622e+00   1.7388848126e-02  -1.4620083770e+00   5.6454822965e-03  -1.4619577977e+00   1.7647503082e-03  -1.4620251771e+00   5.9620266647e-04  -1.4620350010e+00   1.7679186208e-04
2ael_0   2ael    -1.6061916430e+00  -3.8721135541e+00   5.1481300820e+01  -8.5186498191e-01   1.6698453566e+01  -1.6882415096e+00   5.8735165432e+00  -1.3982202044e+00   1.5271018035e+00  -1.5699484405e+00   5.6906201995e-01  -1.6017927024e+00   1.7102439797e-01  -1.6080310645e+00   5.6676793281e-02  -1.6050015616e+00   1.7765735417e-02  -1.6058407687e+00   5.4126992951e-03  -1.6061024701e+00   1.7524069085e-03  -1.6061864658e+00   5.9530621170e-04  -1.6061935732e+00   1.5609742909e-04
2bjm_0   2bjm    -1.5090204340e+00  -5.0279947448e+00   4.9063145090e+01   4.6412259183e-01   1.7533520136e+01  -8.3928835355e-01   5.2899996879e+00  -1.9141189225e+00   1.8871053349e+00  -1.6238875950e+00   5.3408653736e-01  -1.5336080155e+00   1.3772083622e-01  -1.5105326138e+00   5.1972719949e-02  -1.5082844427e+00   1.5182162647e-02  -1.5093213428e+00   5.8480324720e-03  -1.5091541736e+00   1.5831794579e-03  -1.5089317762e+00   5.7806966278e-04  -1.5090484083e+00   1.7831990375e-04
2gtv_0   2gtv    -1.8124849210e+00   1.3219263756e+00   6.0545892381e+01  -3.1285590889e+00   1.8252094025e+01  -1.4717446982e+00   6.5139023675e+00  -2.2344962169e+00   1.6514809664e+00  -1.8790302145e+00   6.3319889315e-01  -1.7773828890e+00   2.3618626987e-01  -1.8141205450e+00   5.9818271097e-02  -1.8128611898e+00   1.8517117581e-02  -1.8119981569e+00   5.4001817424e-03  -1.8125843722e+00   1.7205674824e-03  -1.8124934028e+00   6.2241812565e-04  -1.8125019734e+00   2.1530179432e-04
2os9_0   2os9    -1.0943068470e+00  -7.2117141411e+00   5.1251420701e+01  -2.1635142423e-01   1.5853349385e+01  -1.4026784004e+00   4.9051371653e+00  -1.0500255789e+00   1.7473147995e+00  -1.1764108693e+00   5.1333264732e-01  -1.0921816540e+00   1.4026752727e-01  -1.0873772100e+00   4.9719677347e-02  -1.0957207306e+00   1.7597733893e-02  -1.0947818195e+00   4.8905017519e-03  -1.0943770909e+00   1.4980188859e-03  -1.0943010643e+00   5.3479029895e-04  -1.0943240891e+00   1.5580352452e-04
2q9y_0   2q9y    -1.4997999000e+00  -5.4654054916e+00   5.3515541137e+01  -2.6546255245e+00   1.7395703737e+01  -1.3429282065e+00   5.2923491668e+00  -1.3257512178e+00   1.6012890193e+00  -1.3926243579e+00   5.6623614802e-01  -1.4768423526e+00   1.5804239077e-01  -1.5039644274e+00   5.7541514111e-02  -1.4967337740e+00   1.6646708747e-02  -1.4989126789e+00   5.6316196261e-03  -1.5000408717e+00   1.7578372368e-03  -1.4998612392e+00   4.9826621276e-04  -1.4998155340e+00   1.6710162963e-04
2ybs_0   2ybs    -1.2824813290e+00   6.4346224550e+00   5.0417102319e+01  -1.8874892535e+00   1.9788340600e+01  -1.6129453620e+00   5.4695229693e+00  -1.1286327786e+00   1.9372419650e+00  -1.2426113910e+00   6.2170519773e-01  -1.2870746322e+00   1.9369746182e-01  -1.2864208745e+00   6.6799130672e-02  -1.2816685198e+00   1.8114444377e-02  -1.2819837476e+00   6.3797774044e-03  -1.2826281292e+00   1.9870413679e-03  -1.2824600715e+00   5.3010435618e-04  -1.2824828825e+00   1.7107302109e-04
3b9s_0   3b9s    -1.1999004000e+00  -9.5099844081e-01   4.4250514377e+01  -3.4869942830e-01   1.4353787325e+01  -2.0573266269e+00   4.3165988287e+00  -9.8681938208e-01   1.5156130115e+00  -1.1546706069e+00   4.1317143606e-01  -1.2208220584e+00   1.3714903521e-01  -1.1976094545e+00   4.2727691963e-02  -1.2002084381e+00   1.2723925948e-02  -1.1997214286e+00   3.9221869947e-03  -1.1997482839e+00   1.5880399111e-03  -1.1998559840e+00   4.2431195043e-04  -1.1999152792e+00   1.3489377114e-04
4gui_0   4gui    -1.6345800010e+00   2.5577908646e+00   6.2034496228e+01  -2.9840893421e-01   1.8139569581e+01  -1.7435607727e+00   5.9783492016e+00  -1.9422158632e+00   1.6882876740e+00  -1.6738183418e+00   5.3875167231e-01  -1.6312780167e+00   1.8346595786e-01  -1.6370407196e+00   5.1607944180e-02  -1.6353244419e+00   1.9146043093e-02  -1.6347462106e+00   5.3835101691e-03  -1.6345114647e+00   1.9334548916e-03  -1.6346547461e+00   5.9728476045e-04  -1.6345940103e+00   2.0427864069e-04
4lm3_0   4lm3    -1.2693915110e+00  -2.6016278237e+00   5.5968977938e+01  -3.1591195003e+00   1.6506418599e+01  -7.8420495830e-01   4.9860479338e+00  -1.3591647074e+00   1.7003960678e+00  -1.2464398904e+00   4.7770234073e-01  -1.2623284031e+00   1.6592794665e-01  -1.2692847843e+00   4.8044238650e-02  -1.2689063218e+00   1.4908565146e-02  -1.2698439298e+00   5.1361591451e-03  -1.2691025603e+00   1.6823445868e-03  -1.2693934479e+00   5.1466490794e-04  -1.2693911295e+00   1.6350646088e-04
4pnc_0   4pnc    -1.4003305000e+00  -4.0775215806e+00   5.0357845910e+01  -1.6310086322e-01   1.6391433891e+01  -1.1661711720e+00   5.5310254472e+00  -1.2758565026e+00   1.6388902502e+00  -1.3679677151e+00   5.8478904813e-01  -1.4005960427e+00   1.8510249321e-01  -1.4000251897e+00   5.1375898480e-02  -1.4018891472e+00   1.9252883730e-02  -1.4009678883e+00   5.7604333450e-03  -1.4002859150e+00   1.9593797356e-03  -1.4002989879e+00   5.0900266306e-04  -1.4003250363e+00   1.5797329465e-04
6cjw_0   6cjw    -1.5061414940e+00  -1.4014574480e+01   4.7693196518e+01  -1.4752183664e-01   1.5460850392e+01  -1.5268510092e+00   5.3665538889e+00  -1.4940274005e+00   1.6230491617e+00  -1.5203600484e+00   5.0167123539e-01  -1.4825133212e+00   1.5801165929e-01  -1.5016911599e+00   5.2279438891e-02  -1.5038424340e+00   1.8010332930e-02  -1.5053189690e+00   5.4844047991e-03  -1.5060285704e+00   1.5961243788e-03  -1.5060543893e+00   5.1506068552e-04  -1.5061424489e+00   1.6250884232e-04
6o4x_0   6o4x    -1.7338467290e+00  -3.1995984233e+00   5.3229594557e+01  -1.6797891723e+00   1.4792955445e+01  -1.7597791328e+00   5.1614518374e+00  -1.4782144716e+00   1.8283333137e+00  -1.6970270088e+00   5.4451473758e-01  -1.7269392545e+00   1.7425603026e-01  -1.7409087012e+00   5.2358310145e-02  -1.7345550187e+00   1.6056323161e-02  -1.7341638758e+00   5.2225453087e-03  -1.7341801453e+00   1.5657343011e-03  -1.7339052408e+00   5.2884384658e-04  -1.7338756934e+00   1.7216361501e-04

map_3
map      occ                 col08              col09              col10              col11              col12              col13              col14              col15              col16              col17              col18              col19              col20              col21              col22              col23              col24              col25              col26              col27              col28              col29              col30              col31              col32
1ecq_0   1ecq    -8.2145053130e+00  -1.0128838503e+02   4.9069375051e+02   6.8731404125e+00   1.8234198700e+02  -9.8394431169e+00   4.6672893928e+01  -6.3666984874e+00   1.6625930344e+01  -7.5861382943e+00   4.1685171267e+00  -8.5177743900e+00   1.7380409656e+00  -8.2649839031e+00   5.1888858817e-01  -8.2267421116e+00   1.5895774917e-01  -8.2129498169e+00   5.1415309086e-02  -8.2143945184e+00   1.7609559759e-02  -8.2147538864e+00   4.6962049088e-03  -8.2143893072e+00   1.5957770862e-03
1h0r_0   1h0r    -7.9875400030e+00  -4.0237078004e+01   4.6029563676e+02   1.5759522218e+01   1.5409738236e+02  -1.1366974536e+01   4.9590050657e+01  -1.1249616392e+01   1.3825256507e+01  -7.9860540569e+00   4.6173650684e+00  -8.0379263566e+00   1.3936580396e+00  -7.9693556696e+00   4.6761869654e-01  -7.9964721070e+00   1.4499539119e-01  -7.9918281447e+00   4.7766339577e-02  -7.9858821977e+00   1.6043521468e-02  -7.9876273615e+00   4.6305661192e-03  -7.9872852414e+00   1.6129588281e-03
1we2_0   1we2    -5.1784841040e+00   3.4146663550e+01   4.2295964400e+02  -2.1729694986e+00   1.2605669548e+02  -8.5677083089e+00   4.2421476285e+01  -2.3561197849e+00   1.3670283215e+01  -5.2154372209e+00   4.2403403043e+00  -5.2641738225e+00   1.3908740460e+00  -5.2034144911e+00   4.5285192599e-01  -5.1801534735e+00   1.2462164970e-01  -5.1846660172e+00   4.3087207929e-02  -5.1771298051e+00   1.4042813817e-02  -5.1785217528e+00   3.5122556446e-03  -5.1786310518e+00   1.3919714476e-03
2aa9_0   2aa9    -7.1596311570e+00  -6.3989724439e+00   4.0414406883e+02  -2.0156763198e+01   1.4726310757e+02  -2.7195632887e+00   4.0888470939e+01  -6.2166017293e+00   1.4358188208e+01  -7.0228722572e+00   3.7690988003e+00  -7.1862060289e+00   1.4425157536e+00  -7.2117059340e+00   4.5497883828e-01  -7.1836314023e+00   1.3845714895e-01  -7.1603744649e+00   4.1885272447e-02  -7.1599390053e+00   1.5565159150e-02  -7.1593779475e+00   5.4404112543e-03  -7.1593470232e+00   1.6355633701e-03
2ael_0   2ael    -6.3367323080e+00  -1.5750996815e+01   4.2329532038e+02  -6.6154186622e+00   1.4047468903e+02  -5.5443508788e+00   4.1828367372e+01  -5.2356313412e+00   1.2784162041e+01  -6.6733823305e+00   3.8885410215e+00  -6.2201946501e+00   1.4427883499e+00  -6.2514540784e+00   4.2623661168e-01  -6.3362139725e+00   1.2520895032e-01  -6.3300500719e+00   4.0262608333e-02  -6.3372872328e+00   1.3451128820e-02  -6.3367075996e+00   4.3416181392e-03  -6.3367010078e+00   1.3267275888e-03
2bjm_0   2bjm    -5.0004681310e+00  -1.4084516898e+01   3.5894660029e+02  -1.1267613518e+00   1.3404686469e+02  -8.4507101386e-02   4.1983240240e+01  -5.4281728123e+00   1.3743781346e+01  -4.5808482758e+00   3.7005269256e+00  -4.9358907777e+00   1.2207819714e+00  -4.9720344650e+00   4.0182239666e-01  -5.0015043448e+00   1.2271170638e-01  -5.0061261508e+00   3.8696334807e-02  -5.0022369481e+00   1.3420968526e-02  -5.0004523246e+00   4.2365437697e-03  -5.0005540071e+00   1.3732602608e-03
2gtv_0   2gtv    -6.7330209490e+00  -3.1687950044e+01   4.6970444032e+02  -1.1266826682e+01   1.5617149199e+02  -3.6969275051e+00   5.0870983143e+01  -9.3831540963e+00   1.4755274786e+01  -6.4928609640e+00   5.2841554066e+00  -6.6827069936e+00   1.7118962846e+00  -6.6831717502e+00   4.9249668195e-01  -6.7409480374e+00   1.5252648553e-01  -6.7317969095e+00   4.9125874591e-02  -6.7334368313e+00   1.5746510737e-02  -6.7326648946e+00   4.1281479186e-03  -6.7330592275e+00   1.5218898553e-03
2os9_0   2os9    -3.4894022410e+00  -1.1254623013e+01   3.5974626913e+02  -4.2204836299e+00   1.2667765041e+02  -5.9086770819e+00   4.1963517246e+01  -4.4990355495e+00   1.3621368593e+01  -3.7629832045e+00   3.8052756070e+00  -3.3084933906e+00   1.2062476338e+00  -3.5601889660e+00   3.6948060023e-01  -3.4882378797e+00   1.2626029131e-01  -3.4919706443e+00   4.0549089496e-02  -3.4932136161e+00   1.3588638551e-02  -3.4886690826e+00   3.5193498354e-03  -3.4893578464e+00   1.1831565430e-03
2q9y_0   2q9y    -6.0314811750e+00  -7.4057614140e+01   4.6531182683e+02   3.3662551882e+00   1.5741944931e+02  -2.1207407685e+00   4.5590999116e+01  -8.2675227421e+00   1.6313849734e+01  -5.6112107731e+00   4.2749518362e+00  -6.2000361307e+00   1.5125475371e+00  -5.9806236175e+00   4.4452327675e-01  -6.0537299279e+00   1.3145687684e-01  -6.0338486565e+00   4.1940172346e-02  -6.0290644100e+00   1.4614775853e-02  -6.0317093057e+00   4.3892410439e-03  -6.0316476962e+00   1.6235338055e-03
2ybs_0   2ybs    -8.0937320530e+00  -6.2810701883e+01   5.1735789703e+02  -3.1774825659e+01   1.5175065156e+02  -1.2672982792e+01   5.1032046431e+01  -6.4842812826e+00   1.7884400217e+01  -8.1727807392e+00   4.8424443658e+00  -8.0555464115e+00   1.8599187948e+00  -8.1921596881e+00   5.1045426886e-01  -8.0927340417e+00   1.4554410417e-01  -8.0981180642e+00   5.3697304377e-02  -8.0932977604e+00   1.5226040212e-02  -8.0935075474e+00   4.8574338281e-03  -8.0937949749e+00   1.8789550039e-03
3b9s_0   3b9s    -5.8603955880e+00   1.2937290628e+01   3.5916003573e+02  -1.0349832503e+00   1.1773774525e+02  -1.0375707084e+01   3.5759373291e+01  -4.4659527249e+00   1.2720034143e+01  -5.8034098300e+00   3.4805895868e+00  -5.7140390263e+00   1.1820014284e+00  -5.8610609845e+00   3.6815270026e-01  -5.8737493617e+00   1.0935204402e-01  -5.8539716597e+00   3.6844353672e-02  -5.8607043784e+00   1.0631962140e-02  -5.8606669255e+00   3.4554812338e-03  -5.8603598847e+00   1.1618395351e-03
4gui_0   4gui    -8.9668463330e+00  -1.1176817493e+02   5.5830315034e+02   1.0455732493e+01   1.4323903567e+02  -1.0383623993e+01   5.8366281193e+01  -8.4114565197e+00   1.6084737762e+01  -9.0705282093e+00   4.9262233500e+00  -8.9091854406e+00   1.3964902229e+00  -8.9868715330e+00   4.9898619225e-01  -8.9930944966e+00   1.7076945699e-01  -8.9659154689e+00   4.9926109730e-02  -8.9695393141e+00   1.6285675672e-02  -8.9672127740e+00   5.5361264368e-03  -8.9671304286e+00   1.7216095755e-03
4lm3_0   4lm3    -6.4820235040e+00  -8.4317976406e+01   4.3001392409e+02  -1.4052996068e+01   1.2821370583e+02  -4.7155609027e+00   4.2009459967e+01  -5.1090447926e+00   1.2640384242e+01  -6.5255867962e+00   3.7279676084e+00  -6.7168324583e+00   1.3435972101e+00  -6.4041158211e+00   4.2078149394e-01  -6.4742868025e+00   1.1884756808e-01  -6.4847851713e+00   4.3179997158e-02  -6.4836443709e+00   1.3478700715e-02  -6.4824149902e+00   4.6320707919e-03  -6.4822380006e+00   1.4255345113e-03
4pnc_0   4pnc    -5.2603170560e+00  -6.0082352656e+01   4.3334415917e+02  -6.6090587921e+00   1.2445618234e+02  -3.3045293961e+00   4.5464559223e+01  -6.2335440880e+00   1.1278542382e+01  -5.7456753845e+00   4.3278752661e+00  -5.3737656215e+00   1.1615618586e+00  -5.3141098536e+00   3.8321251936e-01  -5.2792362536e+00   1.4491345065e-01  -5.2568779279e+00   4.2809865651e-02  -5.2602247853e+00   1.4020060666e-02  -5.2600127343e+00   4.4890613406e-03  -5.2601955276e+00   1.3010693323e-03
6cjw_0   6cjw    -6.4646852420e+00   2.1380092118e+01   4.1013346746e+02  -1.5271494370e+01   1.2450215994e+02   2.4434390992e-01   3.9060302226e+01  -6.3865389457e+00   1.2343045792e+01  -6.4873308085e+00   3.9053474491e+00  -6.4752052420e+00   1.3542965237e+00  -6.4982957415e+00   4.5849265570e-01  -6.4626447433e+00   1.3415762470e-01  -6.4688782618e+00   4.5117554223e-02  -6.4659840327e+00   1.3895351419e-02  -6.4650438911e+00   4.4990408984e-03  -6.4648567727e+00   1.2549626984e-03
6o4x_0   6o4x    -8.2654151400e+00   4.5474735089e-15   4.9487949786e+02   1.2125772585e+01   1.5714213153e+02  -9.8045532616e+00   5.0258700326e+01  -4.9577087340e+00   1.4061402586e+01  -8.3338702723e+00   4.9193979992e+00  -8.1791800592e+00   1.2266141388e+00  -8.3105160343e+00   4.9517815840e-01  -8.2740919457e+00   1.6209608034e-01  -8.2596649440e+00   4.5746154294e-02  -8.2658496562e+00   1.5967477066e-02  -8.2648993674e+00   5.2215399336e-03  -8.2652369549e+00   1.5480065880e-03

map_4
map      occ                 col08              col09              col10              col11              col12              col13              col14              col15              col16              col17              col18              col19              col20              col21              col22              col23              col24              col25              col26              col27              col28              col29              col30              col31              col32
1ecq_0   1ecq    -8.3544630100e+00   3.6979159688e+02   3.7636384748e+03   7.9647420866e+01   1.4622722524e+03  -3.2996788644e+01   3.9602922780e+02  -1.7351759546e+00   1.1566277774e+02  -7.8765610135e+00   4.1105633714e+01  -8.1578870822e+00   1.4617103161e+01  -7.8162280922e+00   3.6810374723e+00  -8.2389795348e+00   1.4148635687e+00  -8.3406787664e+00   3.6550390282e-01  -8.3664404118e+00   1.2323488150e-01  -8.3577784590e+00   3.5779446926e-02  -8.3540014793e+00   1.2432351656e-02
1h0r_0   1h0r    -8.1316216790e+00   4.6811015526e+02   4.0871382956e+03  -7.9854085308e+01   1.0862382245e+03  -1.6521534891e+01   3.6353950392e+02  -2.3653330786e+01   1.0577068439e+02  -1.2512309091e+01   3.8296930341e+01  -6.4791952666e+00   1.1016866177e+01  -7.8169990185e+00   4.0497782339e+00  -8.1551783162e+00   1.2611219062e+00  -8.1550651437e+00   3.7063264576e-01  -8.1282927123e+00   1.1826910612e-01  -8.1336843666e+00   3.6797539816e-02  -8.1326870447e+00   1.1653206256e-02
1we2_0   1we2    -5.7282632830e+00  -1.4562011184e+02   3.2874432100e+03  -9.7080074561e+00   1.0908125802e+03  -3.6890428333e+01   3.2840896250e+02  -2.3614728137e+01   9.8401552423e+01  -2.4973849181e+00   3.2234280555e+01  -3.2109234661e+00   9.1547871374e+00  -5.8383471441e+00   3.2914235617e+00  -5.5934141159e+00   1.1337317746e+00  -5.7251767752e+00   2.9997614012e-01  -5.7123354598e+00   1.0790594509e-01  -5.7268216830e+00   3.6805955425e-02  -5.7274989755e+00   1.0558981143e-02
2aa9_0   2aa9    -7.1829524970e+00  -5.0853122485e+01   3.3118675861e+03  -8.1364995975e+01   9.9030802398e+02  -5.4412841058e+01   3.8953912948e+02  -1.0857141650e+01   1.1625534659e+02  -1.5739041409e+00   3.7139939256e+01  -7.3215783097e+00   1.0490801067e+01  -7.7259877663e+00   3.2307737530e+00  -7.0252902195e+00   1.1992661870e+00  -7.1535565418e+00   3.5865333915e-01  -7.1765408564e+00   1.0818436654e-01  -7.1749984431e+00   3.3707043222e-02  -7.1817429478e+00   1.0854922096e-02
2ael_0   2ael    -6.3460691150e+00  -1.8983615655e+02   3.2991110119e+03   2.8712718678e+02   9.4214068389e+02  -4.7696334334e+01   3.4911796652e+02   1.4261441261e+01   1.0338479788e+02  -1.1283386555e+01   2.9578328127e+01  -7.0486164928e+00   9.5493851653e+00  -6.1496948324e+00   3.1958496993e+00  -6.2092369429e+00   9.5581029830e-01  -6.3812705020e+00   3.0864803274e-01  -6.3403206837e+00   1.0892707840e-01  -6.3477550591e+00   3.4280394929e-02  -6.3441950579e+00   1.1332013163e-02
2bjm_0   2bjm    -5.0004681310e+00  -1.8391869170e+02   3.0771319863e+03   1.9541360993e+02   1.0142171931e+03  -2.2989836462e+01   2.9821515734e+02  -9.5407821318e+00   9.3373365367e+01  -8.4280740470e+00   3.4459157892e+01  -4.1701264359e+00   9.6517406608e+00  -4.5397110468e+00   3.0855792814e+00  -5.0572168636e+00   9.4180881273e-01  -4.9600367557e+00   3.2773057011e-01  -5.0055968412e+00   9.8486831659e-02  -5.0045109185e+00   3.4104178372e-02  -4.9999876622e+00   9.8006010998e-03
2gtv_0   2gtv    -6.7330209490e+00   5.0309185953e+02   3.7557126826e+03   2.5154592977e+01   1.2594349522e+03  -4.1924321628e+01   3.9958464593e+02  -8.6364102553e+00   1.1484598619e+02  -1.2521397393e+01   3.7014750209e+01  -8.6733036583e+00   1.0711670832e+01  -7.2080206679e+00   4.2922207174e+00  -6.5968926265e+00   1.1692813623e+00  -6.7720644606e+00   4.1351283438e-01  -6.7580366943e+00   1.2307308296e-01  -6.7373295732e+00   3.8650574317e-02  -6.7341648579e+00   1.2349557954e-02
2os9_0   2os9    -4.0213171380e+00   2.0160453650e+02   2.9292460038e+03  -8.4673905328e+01   7.9523194792e+02  -1.2297876726e+01   2.8103492412e+02  -1.8547617358e+00   9.1055481268e+01  -6.6307732053e+00   2.6142854956e+01  -5.6162991777e+00   8.3770452824e+00  -4.3180667649e+00   2.7749232166e+00  -3.8896248681e+00   8.4639710901e-01  -4.0656534499e+00   3.2410222699e-01  -4.0303298554e+00   8.2495621870e-02  -4.0228598489e+00   2.5725686012e-02  -4.0220644004e+00   8.7409995952e-03
2q9y_0   2q9y    -6.0637588780e+00  -3.1832314562e-14   3.9411962523e+03   1.0824204841e+01   1.1525299877e+03   2.7060512102e-01   3.6808275253e+02  -6.7921885376e+00   1.1536557256e+02  -7.6391825664e+00   4.0994663725e+01  -5.9200282326e+00   1.1061823539e+01  -6.2018364056e+00   3.9157463797e+00  -6.1513198416e+00   1.1672093853e+00  -6.0135913062e+00   3.9516815458e-01  -6.0631776651e+00   1.2420405961e-01  -6.0631080195e+00   3.8225341503e-02  -6.0626087719e+00   1.4177234134e-02
2ybs_0   2ybs    -8.4316525800e+00  -1.2112066299e+02   3.8233951674e+03   4.8448265195e+01   1.3270337359e+03  -7.2369596135e+01   4.3239935751e+02  -6.9341579560e+00   1.3750016083e+02  -9.4958599782e+00   4.4635929438e+01  -7.8837439539e+00   1.1858557819e+01  -8.1456976677e+00   4.0047004074e+00  -8.3809806116e+00   1.4735282636e+00  -8.4737139220e+00   4.2427038373e-01  -8.4437525156e+00   1.4290892376e-01  -8.4322551821e+00   4.5086477204e-02  -8.4318714530e+00   1.2871018048e-02
3b9s_0   3b9s    -5.8839061510e+00  -6.5836273997e+02   2.9682669712e+03   3.3980012385e+01   9.0794187431e+02  -1.5928130806e+01   2.7633295232e+02  -5.0332893346e+00   8.2721789657e+01  -4.5023516411e+00   2.8058266628e+01  -6.6184569124e+00   9.6102122019e+00  -5.7255046619e+00   2.7732942940e+00  -5.8314033705e+00   1.0011076648e+00  -5.9080480493e+00   3.2987151810e-01  -5.8663174297e+00   9.9665346760e-02  -5.8855113158e+00   3.0351929174e-02  -5.8835984560e+00   8.3212063108e-03
4gui_0   4gui    -9.0453795210e+00  -3.9036938151e+02   4.1524228740e+03   5.7053986529e+01   1.3041643110e+03   6.5461942438e+01   3.8039295438e+02  -1.9038014452e+01   1.2700252501e+02  -1.5083272333e+01   3.9378214874e+01  -9.3022020773e+00   1.2758494203e+01  -8.6564410351e+00   3.9288962775e+00  -9.0725838043e+00   1.2625249074e+00  -9.0818283518e+00   3.7114778654e-01  -9.0166178973e+00   1.3968409553e-01  -9.0478153625e+00   4.4192638636e-02  -9.0441956038e+00   1.3273215256e-02
4lm3_0   4lm3    -6.4512816770e+00  -2.6464302961e+02   3.7331545986e+03  -4.7635745330e+01   1.1026824978e+03   1.7731082984e+01   3.5227658480e+02  -2.7522875079e+00   1.1610521175e+02  -7.8149086644e+00   3.8090426590e+01  -5.1777408743e+00   1.1505561097e+01  -6.5208571782e+00   3.3645474048e+00  -6.4093471912e+00   1.0787190518e+00  -6.4513711811e+00   3.8105763508e-01  -6.4481596056e+00   1.1562769310e-01  -6.4496913648e+00   3.4902886048e-02  -6.4528728151e+00   1.1699489210e-02
4pnc_0   4pnc    -5.2612789390e+00   7.4507850023e+01   3.2632242280e+03   1.0679458503e+02   1.1147597737e+03  -8.6925825027e+00   2.9801833375e+02  -1.8130243506e+01   1.0082078250e+02  -8.8912701027e+00   3.0885951619e+01  -3.8915450067e+00   1.0545762838e+01  -5.5446755111e+00   3.1055332245e+00  -5.3010671283e+00   9.7110641969e-01  -5.2330533825e+00   3.3533359195e-01  -5.2647526479e+00   1.0804988608e-01  -5.2604809713e+00   3.5703776495e-02  -5.2603494975e+00   1.1827641933e-02
6cjw_0   6cjw    -6.4709056050e+00   7.7893209069e+01   3.6055795613e+03   4.6735925442e+01   1.0149526005e+03   4.9332365744e+00   3.8005400104e+02  -2.0356091970e+01   1.1418954826e+02  -5.3824207467e+00   3.3780360826e+01  -5.4987412722e+00   1.2637599451e+01  -6.4968648532e+00   3.7945536733e+00  -6.4465458402e+00   1.1235825530e+00  -6.4353767329e+00   3.4468988503e-01  -6.4790543892e+00   1.1314293773e-01  -6.4746388777e+00   4.1443907847e-02  -6.4712650258e+00   1.1411289832e-02
6o4x_0   6o4x    -9.7084400820e+00  -4.7303126135e+02   3.7236104004e+03  -5.2559029039e+00   1.1029809215e+03  -1.0511805808e+01   3.8960918443e+02  -2.8907465972e-01   1.0081939959e+02  -3.9655787410e+00   4.1520256864e+01  -1.0292897452e+01   1.1007040040e+01  -9.7466777426e+00   3.0956907418e+00  -9.5832480698e+00   1.1120383974e+00  -9.7088092250e+00   3.2114914587e-01  -9.7089489794e+00   1.0442998824e-01  -9.7088709424e+00   3.3296069330e-02  -9.7099310725e+00   1.0669293769e-02

map_5
map      occ                 col08              col09              col10              col11              col12              col13              col14              col15              col16              col17              col18              col19              col20              col21              col22              col23              col24              col25              col26              col27              col28              col29              col30              col31              col32
1ecq_0   1ecq    -7.8244019020e+00   2.3551455434e+02   3.0403876854e+04   3.0616892064e+02   1.1145854294e+04  -4.4512250770e+02   3.2198118844e+03  -1.1728624806e+02   1.0380843800e+03   4.3099163444e+00   3.4022561311e+02  -1.9469988207e+01   1.0964044007e+02  -1.0370883400e+01   2.9898074021e+01  -6.7581136883e+00   9.1337266003e+00  -8.2588854380e+00   3.3110309457e+00  -7.7708389897e+00   1.0542330105e+00  -7.8478272373e+00   3.0848775818e-01  -7.8074550380e+00   1.0300696037e-01
1h0r_0   1h0r    -8.1316216790e+00   1.5887203969e+03   3.2138309490e+04   1.3844563459e+03   9.7520289633e+03   3.8583209639e+02   3.2487727970e+03   2.7235206804e+00   1.0963130662e+03   4.1692562416e+01   3.0193497580e+02  -1.1872280566e+01   9.9529446769e+01  -9.0073637703e+00   3.1710102635e+01  -9.5539743709e+00   9.8043118492e+00  -8.1977200817e+00   3.2544306348e+00  -8.2628142686e+00   9.8810746960e-01  -8.2115115819e+00   3.1295918163e-01  -8.1486621230e+00   1.0415692427e-01
1we2_0   1we2    -5.7282632830e+00   1.9645563070e+03   2.5362312866e+04   3.1432900912e+02   9.2514044951e+03  -3.3986824112e+02   2.7165572618e+03  -1.2199894667e+02   9.3070419026e+02  -2.6953712532e+01   2.6707473825e+02   2.7994927375e+00   8.5023086778e+01  -6.3537680082e+00   2.9552608660e+01  -5.5913826421e+00   8.1632355072e+00  -6.0691705942e+00   2.5472521736e+00  -5.7603910637e+00   8.2563749589e-01  -5.7217608143e+00   2.7961538063e-01  -5.7397248606e+00   8.7633260345e-02
2aa9_0   2aa9    -7.1829524970e+00  -3.3249998253e+03   2.5014347866e+04   4.9874997379e+02   9.4293489308e+03  -9.8087494846e+02   3.0378929658e+03  -4.9043747423e+01   9.3167460993e+02   2.5831092393e+01   2.8371000606e+02  -1.7601717825e+00   9.8504778090e+01  -6.3935590391e+00   3.0520911969e+01  -7.3949658614e+00   9.1187614921e+00  -7.5088076211e+00   2.9884642700e+00  -7.1171089260e+00   1.0009223480e+00  -7.2011561727e+00   2.8117468107e-01  -7.1825381791e+00   9.6319224406e-02
2ael_0   2ael    -6.3460691150e+00  -3.8157964715e+02   2.2685041391e+04  -9.5394911786e+01   8.4386775312e+03  -1.1447389414e+01   2.9033429803e+03  -1.5301343851e+02   8.4779953332e+02  -1.4824369292e+01   2.7367331516e+02   2.9152685042e+00   8.9166873353e+01  -6.6246042541e+00   2.6449295130e+01  -7.2890488937e+00   7.9986336986e+00  -6.7620397035e+00   2.6015717587e+00  -6.3572022045e+00   8.4846830327e-01  -6.3391256128e+00   2.4332128115e-01  -6.3381497133e+00   8.5204688056e-02
2bjm_0   2bjm    -5.0004681310e+00  -4.0169627524e+03   2.4362405175e+04  -1.1668320376e+03   7.1772749689e+03   2.5440764099e+02   2.6903750861e+03   3.4813677188e+01   8.4163344204e+02  -4.1508615108e+00   2.6521084146e+02  -1.0095966384e+01   8.1156745411e+01  -5.7905474496e+00   2.6527488049e+01  -5.3619375239e+00   9.4479915538e+00  -4.9284555963e+00   2.5815901428e+00  -5.0593144703e+00   9.6565653146e-01  -5.0246793375e+00   2.6716799208e-01  -4.9931543325e+00   8.0430443628e-02
2gtv_0   2gtv    -6.7330209490e+00  -3.1835861836e+03   3.0835741175e+04  -1.8419320062e+03   1.0776526527e+04  -2.8652275652e+02   3.4255200163e+03   1.0005556577e+02   9.5251843059e+02  -8.0726649655e+00   3.0142363048e+02   6.0874715811e+00   9.7027561856e+01  -2.7633528074e+00   2.8074530354e+01  -5.8793105245e+00   1.1505547958e+01  -7.3471234003e+00   2.9526089386e+00  -6.7165545781e+00   8.5754512409e-01  -6.7353132685e+00   3.0691626035e-01  -6.7421911904e+00   9.6942000396e-02
2os9_0   2os9    -4.0213171380e+00   3.9657150732e+03   1.9806308570e+04   5.4528582257e+02   6.9988647128e+03  -1.7019527189e+02   2.4537402595e+03  -1.9828575366e+01   5.4561700749e+02   3.1907482527e+01   2.1063230877e+02  -5.4049391685e+00   6.5633850183e+01  -5.6408992154e+00   2.2143341124e+01  -2.8746146661e+00   7.6788111558e+00  -4.0371937826e+00   2.3792168371e+00  -4.0923510960e+00   6.7772341674e-01  -4.0385113749e+00   2.3707084119e-01  -4.0125327472e+00   7.1643691950e-02
2q9y_0   2q9y    -6.0637588780e+00   2.9163540371e+03   3.1670421517e+04  -6.7300477779e+02   1.0529484949e+04   2.0863148111e+02   3.2410956742e+03   1.2360854419e+02   1.0110066296e+03  -3.2595864737e+01   3.4614118341e+02  -2.7436161441e+00   1.0207144682e+02  -7.8461140344e+00   3.0169560019e+01  -8.4732423198e+00   1.1156642947e+01  -6.2396538731e+00   3.5543703818e+00  -6.2828713236e+00   9.5788002697e-01  -6.0430738213e+00   2.8294093827e-01  -6.0728543186e+00   1.0118134888e-01
2ybs_0   2ybs    -8.4316525800e+00   3.5168125389e+03   3.5885769737e+04   1.7081660903e+03   1.0554665741e+04   1.4569651947e+02   3.6251889314e+03  -2.6627294937e+01   1.1490345780e+03  -6.5362473044e+01   3.4778141905e+02   6.2549023013e+00   9.2677045249e+01  -9.0319282025e+00   3.3746192734e+01  -8.5838862851e+00   1.1612883809e+01  -8.4499710876e+00   3.4867519643e+00  -8.5501711057e+00   9.2910617202e-01  -8.4238542831e+00   3.3317354980e-01  -8.4289745964e+00   1.1991920573e-01
3b9s_0   3b9s    -5.8839061510e+00   4.3655745685e-13   2.6180956970e+04   1.8697585447e+03   7.8761760051e+03  -3.7395170893e+02   2.2478292292e+03   2.5108186171e+01   6.6416721947e+02  -9.5090577414e+00   2.4971414320e+02  -9.5108384639e+00   8.1031834047e+01  -7.1366012566e+00   2.1655654988e+01  -5.9142065418e+00   8.5643732900e+00  -5.9423579826e+00   2.5323358941e+00  -5.8338396897e+00   8.1876795753e-01  -5.8874096609e+00   2.3432560377e-01  -5.8801382091e+00   8.4086562610e-02
4gui_0   4gui    -9.0453795210e+00   2.2296858968e+03   3.5052939958e+04   2.7003973639e+03   1.1241024992e+04   4.0134346142e+02   3.5155865962e+03  -4.5832432323e+01   1.0952567254e+03  -3.1711088310e+01   3.5416703853e+02   1.6896064240e+00   1.1060986374e+02  -9.2668223299e+00   3.6286003460e+01  -1.1694578657e+01   1.0133240417e+01  -8.6868909379e+00   3.3354602852e+00  -8.9392173063e+00   1.0804779791e+00  -8.9777975366e+00   3.2952177710e-01  -9.0306380525e+00   9.1346861875e-02
4lm3_0   4lm3    -6.4512816770e+00   4.4663198473e+03   3.1899062008e+04  -1.1165799618e+02   9.7902344787e+03   1.0495851641e+02   2.8058637173e+03   9.3346084808e+01   1.0660848139e+03   4.4886514465e+00   3.0880628947e+02   6.4962622179e+00   1.0003762945e+02  -9.3243359452e+00   3.1563425577e+01  -6.8689766091e+00   1.0048046888e+01  -6.6971215541e+00   2.9069476246e+00  -6.6146143342e+00   1.0792597298e+00  -6.4129011270e+00   2.7844147202e-01  -6.4617550958e+00   1.0484628267e-01
4pnc_0   4pnc    -5.2612789390e+00  -1.2707715176e+03   2.9313224751e+04   1.8214391752e+03   9.5195838873e+03   3.8758531286e+02   2.7223166280e+03  -8.6836053700e+00   9.2444526173e+02  -4.5281825076e+01   3.0193918078e+02   5.9683902275e+00   8.3116865151e+01  -1.1477184756e+00   2.7567705346e+01  -7.4864115233e+00   9.0843011694e+00  -5.0551439225e+00   2.9188083530e+00  -5.2822447712e+00   8.8522826235e-01  -5.2123421292e+00   3.1609798133e-01  -5.2787732500e+00   9.9549859709e-02
6cjw_0   6cjw    -6.4709056050e+00   4.3232701730e+02   2.8322927775e+04  -1.7293080692e+02   8.9769195880e+03  -2.4858803495e+02   2.8104405183e+03  -1.8633294446e+02   8.5959970463e+02  -1.1716062169e+01   2.9705467228e+02  -1.4102507304e+01   9.9850289716e+01  -8.2660925707e+00   2.6607995184e+01  -6.5756939331e+00   9.6007795536e+00  -6.4263789895e+00   2.7006972058e+00  -6.3702932055e+00   9.9320922350e-01  -6.4938457173e+00   3.1942996047e-01  -6.4824375671e+00   8.8917752764e-02
6o4x_0   6o4x    -9.7084400820e+00  -3.0219046986e+03   2.5854757145e+04   1.1224217452e+03   1.0469263864e+04   1.8994829534e+02   2.5359048654e+03  -4.6623672493e+01   9.4381494974e+02  -3.8205509404e+00   2.6351817970e+02  -8.0620100353e+00   9.9321220878e+01  -7.8847969098e+00   3.0051022266e+01  -1.0077447789e+01   9.3485412526e+00  -9.4794020566e+00   2.6606821776e+00  -9.6890978516e+00   1.0213732960e+00  -9.7268760853e+00   2.9190054155e-01  -9.7130568871e+00   9.1006770643e-02

map_6
map      occ                 col08              col09              col10              col11              col12              col13              col14              col15              col16              col17              col18              col19              col20              col21              col22              col23              col24              col25              col26              col27              col28              col29              col30              col31              col32
1ecq_0   1ecq    -7.8244019020e+00  -3.7527225719e+03   2.8472669737e+05  -5.8167199864e+03   7.3071096762e+04   2.8145419289e+03   2.7596747874e+04   9.0065341726e+01   8.6347831857e+03   4.6927795762e+02   2.4593957900e+03   8.0889935037e+01   8.7879440037e+02  -3.7163211630e+01   2.5053930816e+02   4.4599231406e+00   7.7455489276e+01  -9.3034120552e+00   2.7090004368e+01  -8.2266039641e+00   7.9789789115e+00  -7.3871955421e+00   2.6896884250e+00  -7.8892021941e+00   8.5102261450e-01
1h0r_0   1h0r    -8.1316216790e+00   5.8207660913e-13   2.2086425728e+05   5.9212220375e+03   7.2943409511e+04  -4.0551399408e+03   2.2016551542e+04   2.6376352713e+02   7.1555681471e+03   5.1963209154e+02   2.5125564504e+03   1.1196492580e+02   7.6158505301e+02  -7.9834221853e+01   2.5004589536e+02  -3.3388515053e+00   9.1841505472e+01  -6.4131320441e+00   2.7809646738e+01  -8.5279897989e+00   7.7314755064e+00  -8.3336816680e+00   2.8177105038e+00  -8.0118948839e+00   7.8119268593e-01
1we2_0   1we2    -5.7282632830e+00  -5.0835263555e+04   2.3073718949e+05   2.6187863044e+03   5.7641117328e+04  -3.2657805678e+03   2.0242423458e+04  -1.0968093228e+03   7.2156923585e+03   1.7438035862e+02   1.8500091921e+03   3.4028817331e+01   7.6518232535e+02  -2.9489074250e+01   2.3360017502e+02   1.2354509506e-01   6.0517017795e+01  -3.9317533296e+00   2.2009307128e+01  -6.0171775892e+00   6.9752769179e+00  -5.7799588371e+00   2.2668374165e+00  -5.8915004632e+00   6.7322550410e-01
2aa9_0   2aa9    -7.1829524970e+00  -8.2190580265e+03   2.1205433571e+05   2.6300985685e+03   8.0993671695e+04   1.5123066769e+03   2.4907380112e+04   1.0109441373e+03   6.5573466435e+03  -9.6491741231e+01   2.3193825894e+03  -4.9856805989e+01   7.1672920503e+02  -2.3131716910e+01   2.4977680157e+02  -6.3041818875e+00   6.5618457569e+01  -9.3417320386e+00   2.3459291305e+01  -8.3096945108e+00   6.7852744472e+00  -6.8276717751e+00   2.1164078321e+00  -7.3473024205e+00   6.3887481591e-01
2ael_0   2ael    -6.3460691150e+00  -2.9416895259e+03   2.0587581381e+05   3.9712808600e+03   6.1016469826e+04  -5.1773735656e+03   2.2136812150e+04  -8.6632756538e+02   7.0878229607e+03   8.1043546438e+01   1.9919057042e+03   7.4277660529e+00   6.3507102694e+02  -1.0832771679e+01   2.0197002749e+02  -8.1948115968e+00   7.1855080425e+01  -6.8306324960e+00   1.8660771614e+01  -7.2382624136e+00   5.5112609989e+00  -6.3137985323e+00   1.9749561548e+00  -6.2670643668e+00   6.4309612435e-01
2bjm_0   2bjm    -5.0004681310e+00  -1.5185554353e+03   2.0532429642e+05   5.4667995672e+03   6.3498958924e+04  -2.5511731313e+03   2.0159645581e+04  -2.2778331530e+02   6.4227513303e+03   3.7660174796e+01   2.0020461421e+03   6.8532406796e+01   5.1802799236e+02  -2.6772132325e+01   2.1820632115e+02   1.2619195668e-01   6.6970961732e+01  -1.5938302283e+00   1.8909777178e+01  -4.7204083109e+00   6.5279051174e+00  -5.0059741791e+00   2.3291511122e+00  -4.9725469472e+00   6.5265936390e-01
2gtv_0   2gtv    -6.7330209490e+00  -2.3137067011e+04   2.6002037472e+05  -1.5128082277e+04   1.0005361535e+05  -3.5595487710e+02   2.1973132507e+04  -5.3393231565e+02   8.8620858004e+03   4.0721237940e+02   2.4729741337e+03  -1.4094033359e+02   6.8672942618e+02   3.6520970390e+00   2.2779132622e+02  -2.9117108947e+00   7.3429982657e+01  -7.5445882043e+00   2.1287532555e+01  -5.1843706592e+00   7.5111046852e+00  -7.3974138550e+00   2.3553950517e+00  -6.7102941155e+00   7.2748250119e-01
2os9_0   2os9    -4.0213171380e+00  -2.6417159906e+03   1.8488199541e+05   1.1887721958e+03   5.7347760261e+04  -3.9625739859e+01   1.8382526434e+04   5.3626834609e+02   6.4127723343e+03   1.7818374356e+02   1.9421558379e+03  -3.8172796064e+00   5.7496333812e+02  -4.3276591357e+01   1.9013079527e+02  -9.3923570329e+00   5.0306996898e+01  -3.6181206378e+00   1.9809348221e+01  -3.6682471988e+00   5.7461897462e+00  -4.0800463409e+00   1.8883374768e+00  -4.0205295891e+00   5.1276476820e-01
2q9y_0   2q9y    -6.0637588780e+00   5.3176635455e+04   2.6840767624e+05   9.3945389304e+03   7.3558477650e+04  -2.5879295921e+03   2.3556612329e+04   1.1007563539e+03   7.9275169382e+03  -2.5631138289e+02   2.6302859362e+03   4.7132224558e+01   6.9144449022e+02  -2.1960177888e+01   2.4587090462e+02  -1.2272812952e+01   8.0502996520e+01  -1.9408585664e+00   2.3683927107e+01  -6.5527493982e+00   7.4006472953e+00  -6.4426831574e+00   2.5163353595e+00  -6.1016600116e+00   8.0679345091e-01
2ybs_0   2ybs    -8.4316525800e+00   1.9857374076e+04   2.5635759699e+05  -3.9714748152e+03   8.0327033226e+04  -2.6807455003e+03   2.7533092348e+04  -1.1715850705e+03   9.3672148777e+03  -2.9666916870e+02   2.3410304763e+03   6.4675467366e+01   9.3423082550e+02  -4.0516986065e+01   2.5722309684e+02  -1.3936500848e+01   7.9124997342e+01  -9.1897742913e+00   2.7118249187e+01  -8.8570560457e+00   9.5444518455e+00  -8.4978178799e+00   2.7338891157e+00  -8.3486190033e+00   8.5557559322e-01
3b9s_0   3b9s    -5.8839061510e+00  -1.4337207523e+03   2.0529780024e+05  -5.0180226330e+03   6.5665776431e+04  -2.1362439209e+03   2.1086568552e+04   1.6330079369e+03   6.6161091640e+03   3.2832205227e+02   2.0401934286e+03   3.4280263187e+01   6.6761094654e+02  -1.5954444531e+01   2.0458104294e+02  -1.6322910765e+00   5.9807499020e+01  -6.8074351667e+00   2.1647051611e+01  -7.0291357078e+00   6.5492565419e+00  -5.8965173892e+00   2.0618764554e+00  -5.8678663295e+00   6.9311826047e-01
4gui_0   4gui    -9.0453795210e+00  -9.7659002427e+03   2.3122840208e+05  -5.2735861311e+03   8.3876553947e+04   1.3672260340e+02   2.3846053299e+04   7.6174021893e+01   8.1832216787e+03   1.7090325425e+02   2.6086581613e+03   4.1544139633e+01   7.8680874673e+02  -1.3314828391e+01   2.4076905067e+02   1.7801282963e+00   8.0054749944e+01  -8.3290628718e+00   2.9266215111e+01  -9.2375982437e+00   8.5593630367e+00  -9.2643316143e+00   2.9053079128e+00  -9.0273976905e+00   8.5745470269e-01
4lm3_0   4lm3    -6.4512816770e+00  -1.0738413669e+04   2.3974064231e+05  -7.1589424459e+02   8.7675828255e+04  -3.8121368524e+03   2.5941539531e+04  -4.0269051258e+02   7.3558784618e+03  -7.5705816365e+01   2.6021393492e+03   4.8931371618e+01   7.1035733846e+02  -7.5884789926e-01   2.3719743724e+02  -1.1990691676e+01   7.7530366217e+01  -7.2729665017e+00   2.3486926444e+01  -6.1025814267e+00   8.2399637826e+00  -6.3077423993e+00   2.1833416105e+00  -6.4550314835e+00   8.1655878550e-01
4pnc_0   4pnc    -5.2612789390e+00  -8.6198435904e+03   2.3804291727e+05   2.9307468207e+03   8.2553451355e+04   6.8958748723e+01   2.0052306638e+04  -4.5685171029e+02   7.0120638708e+03  -3.8341064290e+02   2.3136749379e+03  -1.9480846514e+00   7.5670211242e+02  -3.0217723691e+01   2.3249518582e+02  -5.5711773094e+00   7.0733421300e+01  -9.3101379048e+00   2.4002328750e+01  -5.6171141798e+00   9.5300371349e+00  -5.2750698215e+00   2.4795190197e+00  -5.1617826651e+00   6.8617915098e-01
6cjw_0   6cjw    -6.4709056050e+00  -1.7196187628e+03   2.0228282519e+05   1.3756950102e+03   7.1245472903e+04  -2.0807387030e+03   2.1392045959e+04  -8.0994043727e+02   7.7049704269e+03   1.6955441001e+02   2.3160447792e+03   4.4503733581e+01   7.7389233401e+02  -2.8243018560e+01   2.3962433824e+02  -1.1968546589e-01   7.5913240190e+01  -8.2622522695e+00   2.1643637725e+01  -6.0398926437e+00   7.6672727873e+00  -6.3326477643e+00   2.1839661310e+00  -6.5133423118e+00   8.5383523436e-01
6o4x_0   6o4x    -9.7084400820e+00   1.7097889871e+03   2.2470372621e+05   1.4551915228e-13   8.1038670893e+04   1.6072016479e+03   2.1972476839e+04  -8.1043997990e+02   7.4574166334e+03  -3.5905568730e+01   2.6051498979e+03  -2.3424109124e+01   7.3897978793e+02  -9.3491261817e+00   2.3626608068e+02  -1.8605581800e+01   7.0725555768e+01  -5.2477869467e+00   2.5556269573e+01  -9.5252754823e+00   6.9040306472e+00  -9.8172192162e+00   2.3648244488e+00  -9.7387389100e+00   7.3530322030e-01

map_7
map      occ                 col08              col09              col10              col11              col12              col13              col14              col15              col16              col17              col18              col19              col20              col21              col22              col23              col24              col25              col26              col27              col28              col29              col30              col31              col32
1ecq_0   1ecq    -7.8244019020e+00  -7.1852964877e+04   2.3765191828e+06  -5.7482371901e+03   5.7877295261e+05  -8.3349439257e+03   1.9491273015e+05  -1.8825476798e+03   7.1857811522e+04   1.9817047713e+03   1.7167111107e+04  -3.3440369854e+02   5.3002873862e+03  -8.9327605935e+01   2.0833202261e+03  -1.1203457989e+02   6.3166775360e+02  -2.4993910126e+01   1.8393500524e+02  -1.1162832323e+01   5.8000485864e+01  -5.7287980890e+00   1.9721411024e+01  -7.0944642806e+00   6.7895014449e+00
1h0r_0   1h0r    -8.1316216790e+00   2.0556797339e+05   1.6685362752e+06   1.9186344183e+04   6.0760659544e+05   1.5623165977e+04   2.1854471471e+05   8.3597642511e+02   5.7652197733e+04  -1.8021459000e+03   2.0267318113e+04   7.8362511456e+02   5.9436230119e+03   9.6753992808e+01   1.7113575816e+03  -1.0164651057e+01   6.9402896828e+02   9.8553397802e+00   2.0242138479e+02   5.5519661207e+00   5.7221001750e+01  -9.0605769928e+00   1.7308354675e+01  -8.8055463500e+00   6.0749527097e+00
1we2_0   1we2    -5.7282632830e+00   3.5082231204e+04   1.5274817684e+06   3.5082231204e+03   5.0372359429e+05   1.0758550903e+04   1.4982807848e+05  -3.6719401994e+03   5.2731781322e+04  -6.4551305416e+02   1.4333073082e+04   6.9579758555e+01   4.6690485896e+03  -1.2302169076e+01   1.8337844107e+03  -8.7199224473e+01   5.4407575936e+02  -1.0018432765e+01   1.6789084236e+02  -1.1525284760e+01   5.2585490486e+01  -3.4892459721e+00   1.4976800650e+01  -5.9075636856e+00   5.0545179937e+00
2aa9_0   2aa9    -7.1829524970e+00   1.2500879673e+05   1.6525173548e+06  -6.8754838200e+04   5.6310051233e+05   1.3500950046e+04   1.6823074621e+05   6.6004644672e+03   5.4177203579e+04   2.0976476091e+03   1.6888913547e+04  -2.3826676656e+02   5.7079709609e+03  -1.1950840967e+02   1.8094409416e+03   6.1306814091e+01   5.0769244452e+02   2.2482707082e+01   1.5947053096e+02  -2.1297748698e+00   5.5986653101e+01  -7.0709250729e+00   1.7955125094e+01  -7.6912290980e+00   5.0487353619e+00
2ael_0   2ael    -6.3460691150e+00  -7.7435433566e+04   1.5585345162e+06  -4.8673701099e+04   4.2896211626e+05  -3.3186614385e+02   1.4988571070e+05   1.3042339453e+04   4.5849663492e+04   3.2113580520e+03   1.6344947262e+04  -3.5996414403e+02   5.4560492182e+03   1.1913994564e+01   1.3715139419e+03  -1.5707224589e+01   5.4355246206e+02  -2.6664338438e+01   1.6606340011e+02  -2.6304374294e+00   4.9141512095e+01  -6.8105404109e+00   1.2803592417e+01  -4.7860121291e+00   5.1622504550e+00
2bjm_0   2bjm    -5.0004681310e+00   2.3163747330e+04   1.4443258270e+06   4.7485682026e+04   4.9579553397e+05   1.3666610925e+04   1.6169754409e+05   2.1310647544e+03   5.0070737749e+04   8.8485514800e+02   1.5745441904e+04  -4.3594172475e+02   4.8766431932e+03   1.0520974037e+02   1.6126220413e+03   1.2034724925e+01   5.4887222594e+02   1.7892836625e+00   1.7907062235e+02  -1.0636850683e+01   5.1648334840e+01  -7.1127332209e+00   1.6832873575e+01  -4.2049613803e+00   4.7196444680e+00
2gtv_0   2gtv    -6.7330209490e+00  -3.3572619223e+05   1.9778538866e+06   5.7744905064e+04   6.2472523289e+05   8.7288809981e+03   1.7246623741e+05  -5.8013486018e+03   5.7315668544e+04   3.2364004931e+02   2.0079082078e+04  -1.0172503625e+03   6.0269995502e+03   4.0402632878e+02   1.7663319095e+03  -2.3504862171e+01   5.7842329484e+02  -9.1647878861e+00   1.8534293859e+02  -1.0226434680e+01   5.0106084477e+01  -8.8573392396e+00   1.7285131504e+01  -7.7898349634e+00   5.3884946972e+00
2os9_0   2os9    -4.0213171380e+00  -6.0832846546e+04   1.3733304129e+06   5.8805084994e+04   4.5551864213e+05  -9.5304792922e+03   1.4446526236e+05  -1.9973451283e+03   4.0585291952e+04  -4.6638515685e+01   1.2907358445e+04  -2.1605799331e+02   4.2682683150e+03  -2.7394044680e+02   1.3248279984e+03  -1.1872543884e+01   4.0467483562e+02   3.7006648320e-02   1.2981924407e+02  -5.8282023902e+00   3.8963621494e+01  -4.5737358174e+00   1.3990757288e+01  -3.9581512100e+00   4.4153239404e+00
2q9y_0   2q9y    -6.0637588780e+00   1.6448380244e+05   2.0643840439e+06   4.3862347317e+04   6.2430834398e+05   1.7133729421e+04   1.7425869756e+05  -6.0721937067e+03   5.5475282537e+04  -3.2896760488e+01   2.0159083496e+04   1.1979903611e+02   5.7516864448e+03   1.5221605217e+02   1.7038266832e+03   3.5295482607e+01   5.2919304025e+02  -1.3953572170e+01   1.9827890336e+02  -2.2744820201e+00   5.9697328188e+01  -7.3087322176e+00   1.9681304007e+01  -5.7862822043e+00   5.7058701036e+00
2ybs_0   2ybs    -8.4316525800e+00   7.5677163135e+04   1.9760554752e+06   8.0217792923e+04   6.0559118470e+05   4.2379211356e+03   1.9137819659e+05   6.7352675190e+03   6.1747204607e+04  -2.5382120516e+03   2.1075244654e+04   2.0084719096e+02   6.7311330298e+03  -3.5566753130e+02   2.0159047180e+03  -3.2114360948e+01   6.9863787350e+02   9.8036737755e+00   2.0380085184e+02  -5.3410368717e+00   6.4088277592e+01  -8.5240365157e+00   2.0933712024e+01  -8.2918308273e+00   5.8817805993e+00
3b9s_0   3b9s    -5.8839061510e+00  -2.1261229838e+05   1.7327998205e+06  -1.1190120967e+03   4.4774469336e+05  -2.6408685483e+04   1.5871127319e+05   7.8107044353e+03   4.6820004483e+04   1.9023205645e+03   1.5916138519e+04  -1.3561307600e+03   4.4697624425e+03  -2.6096481108e+02   1.7045161091e+03   1.6138392459e+01   4.8468380266e+02   2.7572458062e-01   1.5268872402e+02  -7.3298649373e+00   5.0541464462e+01  -6.1165122877e+00   1.8081242807e+01  -5.9946678723e+00   5.1476823300e+00
4gui_0   4gui    -9.0453795210e+00  -7.4274506615e+04   2.0727616621e+06  -2.9709802646e+03   7.1631007625e+05   1.5003450336e+04   2.0838079264e+05  -6.1053644438e+03   6.2371252969e+04   3.5592343570e+03   1.8438303511e+04  -3.1967747647e+02   6.4860280410e+03  -3.6999102725e+02   2.1567222463e+03  -6.5697286591e+01   5.9264480873e+02  -2.8146918478e+01   2.2041825410e+02  -7.5038939837e+00   5.8134815014e+01  -9.0066588808e+00   2.1392673950e+01  -9.4160618923e+00   5.5189475507e+00
4lm3_0   4lm3    -6.4512816770e+00  -3.0500454592e+05   2.1276150686e+06   2.3568533094e+04   6.1845950983e+05  -4.6998427757e+04   2.0331626420e+05   4.3393828578e+03   6.6303752723e+04  -1.6733658496e+03   1.9369159935e+04  -1.6650475439e+02   6.1660215205e+03  -5.7988296100e+02   2.0184903211e+03   2.4032971834e+01   6.2853356449e+02  -2.9411588363e+01   1.7898420765e+02  -1.3532261463e+01   5.7087972525e+01  -3.0995698791e+00   1.9962733373e+01  -6.1758042764e+00   5.6462841360e+00
4pnc_0   4pnc    -5.2612789390e+00   6.8002771734e+04   1.8779433753e+06   3.2641330433e+04   6.3942040191e+05   9.2483769559e+03   1.9314431785e+05  -1.1737278401e+04   6.0501248050e+04  -3.4259796400e+03   1.8701364888e+04  -6.7540352887e+02   5.7129890881e+03  -2.2838050859e+02   2.0171486514e+03  -4.7366650624e+01   6.7780822345e+02  -4.5670661497e+00   1.8626741901e+02  -9.5008712473e+00   6.2415015489e+01  -6.4631031105e+00   1.8782400703e+01  -6.2153046825e+00   6.0837507187e+00
6cjw_0   6cjw    -6.4709056050e+00   5.2924562597e+04   1.6277719897e+06  -5.2924562597e+04   5.2622995683e+05  -1.0981846739e+04   1.7297417975e+05   4.4853566801e+03   6.0579278619e+04  -4.9352154622e+02   1.8863372049e+04  -4.1122385138e+02   4.9635909201e+03   2.2761531259e+02   2.0750982078e+03  -1.2013875710e+01   5.4844215212e+02   3.2488668930e+01   1.8910593093e+02  -1.0610329541e+01   5.9493529709e+01  -5.5674813955e+00   1.6955341156e+01  -6.4584787118e+00   5.4226087915e+00
6o4x_0   6o4x    -9.7084400820e+00   3.6693188478e+05   1.5703574906e+06   6.8144492887e+04   6.2653921956e+05   3.1451304409e+03   1.8441015308e+05   1.3524060896e+04   4.9270457192e+04  -7.5876271888e+02   1.8747424387e+04   3.0219461653e+02   5.4910445730e+03  -3.5592392823e+01   1.7753986418e+03   3.4910947894e+00   5.8698308880e+02  -5.7887436237e+00   1.6455645566e+02  -1.0261407414e+01   6.2874654957e+01  -8.5372600113e+00   1.9284911952e+01  -1.0844486161e+01   5.3598333613e+00

map_8
map      occ                 col08              col09              col10              col11              col12              col13              col14              col15              col16              col17              col18              col19              col20              col21              col22              col23              col24              col25              col26              col27              col28              col29              col30              col31              col32
1ecq_0   1ecq    -7.8244019020e+00   4.2134992814e+05   1.5697073552e+07  -8.4269985629e+04   4.3047610430e+06   2.1910196263e+05   1.2259404102e+06  -1.6116634751e+04   4.7017012125e+05   1.4178425082e+04   1.2766693354e+05   5.0677862607e+03   4.8972849614e+04   5.9031124933e+02   1.5037532767e+04   3.2110024649e+02   4.1121245772e+03  -7.7793837233e+01   1.3364592235e+03  -2.0062155479e+01   5.2611508219e+02   2.9911210048e+00   1.2602734689e+02  -6.3293627212e+00   4.4387981307e+01
1h0r_0   1h0r    -8.1316216790e+00  -1.0075167821e+05   1.3547185437e+07   2.2165369206e+05   4.3117419016e+06   5.0375839104e+04   1.2257388924e+06  -7.7075033829e+04   4.1739787334e+05  -2.5590926265e+03   1.4097363218e+05  -7.0606776088e+03   4.4553039032e+04  -3.2665709109e+03   1.2985469321e+04  -3.1668267494e+02   4.1420602651e+03   7.3577943079e+01   1.4484564799e+03  -1.1087893465e+02   4.5376645369e+02  -1.4850797324e-02   1.3748764926e+02  -8.2668575576e+00   4.4652459360e+01
1we2_0   1we2    -5.7282632830e+00   4.2747634088e+05   1.0194095161e+07  -7.3525930631e+05   3.5114615576e+06  -1.5987615149e+05   1.1963571702e+06   5.2152113587e+03   4.1102427974e+05  -8.2588429058e+03   1.1345159384e+05   6.8319268800e+03   3.4864314967e+04  -7.9955174798e+02   1.1870759566e+04  -1.1947963728e+02   3.6285517499e+03  -2.3430833196e+02   1.1331811767e+03   1.0221814263e+00   4.0637714061e+02  -2.9994304934e+00   9.7521369372e+01  -8.1898661784e+00   3.8981449734e+01
2aa9_0   2aa9    -7.1829524970e+00   8.1976170845e+05   1.3397603383e+07  -6.0115858620e+05   4.1754676106e+06   3.1059860287e+05   1.3610209931e+06   1.7670419049e+04   4.0870420420e+05   8.2704847919e+03   1.1922209565e+05  -2.6696906305e+03   4.2078780331e+04  -1.0092177477e+02   1.1060050300e+04   4.1984551321e+02   4.0954548014e+03   3.4708710736e+01   1.1478554452e+03   6.8891772047e+01   4.3743005644e+02  -6.5117680226e+00   1.0518546385e+02  -4.7797545355e+00   4.0357534355e+01
2ael_0   2ael    -6.3460691150e+00   3.2255747040e+05   1.2016635104e+07   4.0319683800e+04   3.5905585165e+06  -1.3789331860e+05   1.1202072442e+06   4.8464259928e+04   3.5984525433e+05   1.9434087592e+03   1.1356900178e+05  -3.5231339705e+03   3.2697050512e+04  -8.1977981103e+02   1.0931704539e+04   1.6175450747e+02   3.3897426067e+03  -2.9094683830e+01   1.1443865897e+03  -5.7497481886e+01   3.3174362508e+02   4.1183734624e+00   1.0823552311e+02  -1.3945772233e+00   3.3921838965e+01
2bjm_0   2bjm    -5.0004681310e+00  -2.5535628822e+05   1.2305476781e+07  -2.5535628822e+05   3.8037418915e+06  -6.2987884427e+04   1.2099838895e+06  -2.4258847381e+04   3.7850983671e+05   5.6774214747e+03   1.1606167726e+05  -4.4329851634e+03   4.0601882671e+04  -2.0768978108e+01   1.2300053963e+04  -6.4936252906e+02   3.5788503239e+03  -6.7408952963e+01   1.1729046258e+03  -3.2016997010e+01   3.3901611056e+02  -2.4748050446e+01   1.1969310534e+02  -9.3896201042e+00   3.2109245569e+01
2gtv_0   2gtv    -6.7330209490e+00  -4.8921497027e+05   1.3438241508e+07   7.6317535362e+05   5.1051018721e+06   1.7122523959e+05   1.3977109947e+06   3.9822098580e+04   4.5395897702e+05  -2.6417608395e+03   1.3359059005e+05  -3.8403375166e+03   4.0887785678e+04   7.1660208845e+02   1.2886264179e+04   2.7039889837e+02   3.7638686793e+03   6.8555650644e+01   1.3193955336e+03   2.5404933406e+00   4.2213717745e+02  -4.1214991444e+00   1.3655989004e+02  -7.8524932013e+00   3.9155859553e+01
2os9_0   2os9    -4.0213171380e+00   3.7312077099e+05   1.0249251019e+07   7.4624154198e+04   3.4410253699e+06   7.8355361907e+04   9.9506645309e+05  -7.1564563875e+04   2.8945975261e+05   1.8864986181e+04   9.8019134491e+04   7.7027051963e+03   3.3776052917e+04   5.2983149480e+00   1.0009292150e+04   7.5773366172e+01   3.1938996776e+03  -1.6819538115e+01   1.0416427089e+03   3.9579905146e+00   3.0842543077e+02  -2.0504441537e+01   9.4669906269e+01  -4.3534627122e+00   2.7257013264e+01
2q9y_0   2q9y    -6.0637588780e+00   2.6077032089e-10   1.2415921917e+07  -1.1246381905e+05   3.8499369480e+06   2.0652446772e+05   1.3569079386e+06   2.9547312460e+04   4.1189438851e+05   1.8801905749e+04   1.5140500680e+05  -1.4497608674e+03   4.5245878677e+04  -2.6837956820e+02   1.4576757683e+04   2.6662104303e+02   4.8465306664e+03  -1.6133446042e+01   1.2740197565e+03  -1.0922833722e+02   4.6972710640e+02  -2.2582346355e+01   1.4581993382e+02  -6.1471404599e+00   4.1356379882e+01
2ybs_0   2ybs    -8.4316525800e+00  -9.9790399320e+05   1.3004727717e+07  -5.6547892948e+05   4.5334240135e+06  -1.9736323421e+05   1.5619115589e+06   2.4504086944e+04   4.3566317078e+05   3.1555941829e+04   1.5533358709e+05  -2.5368937072e+03   4.8656367632e+04  -9.6286647522e+02   1.5934554962e+04  -1.1276315123e+02   5.3752116364e+03  -1.8544826053e+02   1.3353381963e+03  -2.6956269690e+01   4.8514815098e+02  -1.1897732115e+01   1.5445672533e+02  -5.6260219402e+00   4.6962120056e+01
3b9s_0   3b9s    -5.8839061510e+00   7.5399176471e+05   1.1913179499e+07  -7.2885870589e+05   4.0003878397e+06  -6.1994878432e+04   1.2349785280e+06   4.6412381961e+04   3.6573050785e+05   1.1544451686e+04   1.2675343831e+05   5.8895134510e+02   3.1883540945e+04   2.2375962271e+03   1.1948270008e+04  -3.4113938510e+02   3.5572121007e+03   6.9127640526e+01   1.2593444539e+03   2.5251854415e+01   4.0107303384e+02   5.3385800463e+00   1.0879550861e+02  -8.5667957868e+00   3.7859114168e+01
4gui_0   4gui    -9.0453795210e+00  -2.0541592839e+06   1.6167464596e+07   3.1352957492e+05   4.3498485142e+06   1.5784592392e+05   1.3607403851e+06  -2.1838956598e+04   5.1746908057e+05   4.7137549884e+03   1.4936833852e+05   2.4909384159e+03   4.5706383646e+04  -1.0115112769e+03   1.3607154944e+04  -1.2735787560e+02   4.6402947183e+03  -2.2550884960e+02   1.5057263803e+03   3.2111915290e+00   4.6385735383e+02  -6.3878948052e-01   1.5909927753e+02  -9.0702678923e+00   4.2214997297e+01
4lm3_0   4lm3    -6.4512816770e+00   3.3160230133e+06   1.5083818481e+07   2.1761401025e+05   5.1598780864e+06   2.6320932668e+05   1.4001132390e+06   4.5595316433e+04   4.4449505348e+05  -8.6009346908e+03   1.4150209435e+05   7.6755570187e+03   4.7824831813e+04  -2.1875389316e+03   1.4912190804e+04  -2.5398663768e+02   4.5858065195e+03  -2.6781030861e+01   1.4311947946e+03  -4.0230509326e+01   4.6972467857e+02  -1.0742349815e+01   1.3709076024e+02  -4.5643253691e+00   4.4413038342e+01
4pnc_0   4pnc    -5.2612789390e+00  -4.1252654883e+05   1.4652628051e+07   2.0626327441e+04   4.0170154147e+06   6.1878982324e+03   1.4467286159e+06   1.0003768809e+04   4.2178893645e+05   8.3433494501e+03   1.2691876995e+05  -2.7618652444e+03   5.6353164739e+04  -5.6392379225e+02   1.3335143568e+04  -5.9898854890e+02   4.6347818773e+03   1.4684295032e+02   1.4254262892e+03  -2.3113140609e+01   4.4911191644e+02  -1.0520056098e+01   1.5557565609e+02  -3.7994808969e+00   4.0203274346e+01
6cjw_0   6cjw    -6.4709056050e+00  -2.7405503660e+06   1.4662063387e+07  -3.2299343599e+05   4.2288868763e+06  -1.3506998232e+05   1.3542771676e+06  -1.3996382226e+04   3.9952769449e+05  -1.3477635193e+04   1.5012294069e+05  -5.2716443826e+03   4.2277387237e+04  -1.2982378591e+03   1.4713848195e+04  -8.4368821785e+02   3.7756670762e+03  -5.4896160135e+01   1.5157606550e+03  -2.5848968929e+01   4.3288578855e+02  -4.8462033014e+00   1.4825608476e+02  -1.5092504499e-01   4.1235443460e+01
6o4x_0   6o4x    -9.7084400820e+00  -6.7915319883e+05   1.4012726857e+07   1.3583063977e+05   3.7640126718e+06   1.4553282832e+04   1.1554396497e+06  -4.5600286207e+03   3.9352640188e+05   2.0898514147e+04   1.4112326092e+05  -1.3453054650e+04   3.6009567877e+04  -2.6098887212e+01   1.2931103422e+04   1.4902561620e+02   3.7589827662e+03  -7.4286747107e+01   1.4249704399e+03   8.9931526150e+00   4.6710007687e+02   2.3849725862e+00   1.3552717145e+02  -8.8798174697e+00   3.9387928883e+01

map_9
map      occ                 col08              col09              col10              col11              col12              col13              col14              col15              col16              col17              col18              col19              col20              col21              col22              col23              col24              col25              col26              col27              col28              col29              col30              col31              col32
1ecq_0   1ecq    -7.8244019020e+00   2.8444563667e+06   1.6515522427e+07  -4.0296465195e+05   5.0119997856e+06  -2.3703803056e+03   1.6714479392e+06  -1.5917103752e+05   5.4513087543e+05  -5.3215037860e+03   1.5783214792e+05   3.2118653141e+02   5.7837707035e+04   2.3635062027e+03   1.7559078228e+04   2.5415217636e+02   5.2316941470e+03   1.1778182700e+02   1.7078327381e+03   3.4725597401e+01   4.9342325664e+02  -1.7391504006e+01   1.6913215747e+02  -1.0367403454e+01   5.1497134157e+01
1h0r_0   1h0r    -8.1316216790e+00   2.3451065134e+06   1.5656184835e+07   8.0403651888e+05   4.6168566823e+06   2.3339393395e+05   1.5075450772e+06   2.2334347747e+04   4.6538147347e+05  -1.3344772779e+04   1.4391060543e+05  -7.4138867345e+03   5.2627937533e+04  -2.1609598162e+03   1.5090462815e+04   2.2536473594e+02   4.2757851012e+03  -1.8443704369e+02   1.5044610118e+03  -2.1738690692e+01   5.2900083220e+02  -1.1677915738e+01   1.4013473848e+02  -8.8783800675e+00   5.6196086280e+01
1we2_0   1we2    -5.7282632830e+00   9.4647266223e+04   1.1688655790e+07   6.7199559018e+05   3.8458726214e+06   1.3155970005e+05   1.3370193038e+06  -4.3253800664e+04   4.4609087956e+05   6.5022671895e+03   1.4736594087e+05  -5.6334052856e+03   3.6788044084e+04   1.1917037290e+03   1.2492397029e+04  -2.6109394860e+02   3.9393860240e+03   1.2108224768e+01   1.3498756807e+03  -1.5905189147e+01   3.5129800706e+02  -5.5480429161e+00   1.4680089699e+02  -6.8799826601e+00   4.1492676531e+01
2aa9_0   2aa9    -7.1829524970e+00   3.3405655374e+06   1.3269464031e+07  -1.1135218458e+05   4.3969596704e+06   3.3405655374e+04   1.3152372549e+06   2.9255255767e+04   4.4527136279e+05   2.9579189395e+04   1.3951773564e+05  -1.5336232695e+03   4.4544125727e+04   4.4368784093e+02   1.4868482913e+04  -7.0047610150e+02   4.1116750249e+03   2.2738116091e+01   1.3195196238e+03  -8.7373099007e+01   4.4619661660e+02   1.0088345956e+01   1.6061597695e+02  -4.4680307011e+00   4.3879119744e+01
2ael_0   2ael    -6.3460691150e+00   5.3456815076e+05   1.2964963786e+07  -6.5930071927e+05   4.0830673461e+06   1.6660707365e+05   1.3897811367e+06  -1.6037044523e+03   4.0242298939e+05  -2.5677090175e+04   1.2306431408e+05  -1.4914451406e+03   4.2847389841e+04  -1.4733589182e+03   1.2948288139e+04  -5.1161735815e+02   4.2884959053e+03   1.1632202961e+01   1.2563545943e+03  -5.0971340459e+01   4.1970823383e+02   5.4274704350e-01   1.0492485638e+02  -6.0929632349e+00   3.7358704716e+01
2bjm_0   2bjm    -5.0004681310e+00   1.8902238273e+05   1.3091720381e+07   3.3078916978e+05   3.9310867565e+06   5.7651826733e+04   1.0742301745e+06   1.8618704699e+04   4.2764649737e+05  -1.0103246357e+04   1.2157165197e+05  -2.0301003905e+03   4.3535653023e+04   2.1444589321e+03   1.3134957141e+04  -4.3039451436e+02   4.9085087384e+03   6.2676041666e+01   1.2182048462e+03  -3.6073031520e+00   4.2440398911e+02  -1.4193926997e+01   1.3443380538e+02  -3.5696319363e+00   3.8736611788e+01
2gtv_0   2gtv    -6.7330209490e+00  -8.5844463561e+05   1.4761930138e+07   3.2191673836e+04   4.9148870932e+06   8.7990575150e+04   1.5372811682e+06   3.5518146799e+04   5.3800147712e+05   2.8972506452e+02   1.4835272809e+05  -7.0993371365e+03   4.9678344696e+04   1.2546168350e+03   1.2348632368e+04   5.6410543118e+01   5.2808639468e+03   6.9992210309e+01   1.4881942583e+03   9.0282622328e+00   4.5960175859e+02  -2.0581532056e+01   1.4169988879e+02  -9.5467402585e+00   4.6430144466e+01
2os9_0   2os9    -4.0213171380e+00   7.4839520641e+05   1.3686493028e+07  -6.6524018348e+04   3.7313308599e+06  -8.3155022935e+03   1.2091679494e+06  -6.6524018348e+03   3.8378370166e+05   1.7786859406e+04   1.2334924448e+05   1.0411008871e+03   3.9395796465e+04  -1.3703947780e+02   1.1051829889e+04   9.9528246951e+01   3.8624684853e+03   4.8002068539e+01   1.1532551789e+03  -3.1913484167e+01   3.1201448374e+02   7.6714416943e+00   1.0928256342e+02  -6.9636752006e+00   3.4584143760e+01
2q9y_0   2q9y    -6.0637588780e+00  -2.6442941073e+06   1.5746424996e+07   8.2777902490e+05   4.4274230082e+06  -1.3336439846e+05   1.6021473946e+06   6.3463058575e+04   4.8477927986e+05   2.1683211680e+04   1.7326805468e+05  -2.0694475622e+03   4.7218624013e+04   1.1453242564e+03   1.6042795439e+04  -3.7663945633e+01   4.5742231729e+03  -8.1854698938e+01   1.8855069062e+03  -1.8744251233e+01   4.3912909857e+02  -2.0140208584e+01   1.5205620513e+02  -8.3600519393e+00   4.7644564792e+01
2ybs_0   2ybs    -8.4316525800e+00  -9.8506405440e+05   1.6009682566e+07  -3.5708571972e+05   5.1541292668e+06  -1.0096906558e+05   1.8483942254e+06  -2.6473596462e+04   5.6143483499e+05   1.0466305578e+04   1.6005573436e+05   1.1568345989e+04   4.9880422323e+04   2.1421449193e+03   1.5957585509e+04  -3.0392920068e+02   5.0923291779e+03  -3.9237563947e+02   1.7209992059e+03   8.5964323633e+01   5.2890564500e+02   4.8602321646e+00   1.6803796108e+02  -5.0335972817e+00   5.2555579113e+01
3b9s_0   3b9s    -5.8839061510e+00  -1.8837379376e+06   1.3252595029e+07  -3.2965413908e+05   4.1161381818e+06  -1.2244296594e+04   1.1864554794e+06  -1.4787342810e+04   3.8577799904e+05   3.9558496689e+03   1.1712579290e+05  -4.4691682569e+03   4.3507474804e+04   6.9415743000e+02   1.3398450118e+04   7.3593873746e+02   3.7863709820e+03  -1.8133614882e+02   1.5223992482e+03  -4.0268948452e+01   4.5451905188e+02  -8.7493599241e+00   1.3671063092e+02  -3.0684970179e+00   4.2650174943e+01
4gui_0   4gui    -9.0453795210e+00   1.1942284317e+06   1.6760505575e+07   5.9711421583e+05   5.2386248553e+06  -1.6480352357e+05   1.6038234047e+06  -5.6487004818e+04   5.3964811848e+05   1.9370385162e+04   1.6767067361e+05   7.2035858998e+03   5.7920982727e+04  -8.7716078306e+02   1.6777866516e+04   2.5539769240e+02   4.7912542607e+03  -1.1667611777e+00   1.7646672162e+03   1.7451379495e+01   5.3109745418e+02  -2.6093676271e+01   1.6216035465e+02  -7.9105094191e-01   5.7025097950e+01
4lm3_0   4lm3    -6.4512816770e+00   4.7225653929e+05   1.4907641071e+07  -7.3199763589e+05   5.0168452576e+06  -2.7939677238e-11   1.6545155797e+06   1.4521888583e+04   5.3427581788e+05   2.4321211773e+03   1.7332545627e+05  -3.7438137152e+03   5.0961071530e+04  -6.8524423850e+02   1.4982997230e+04   1.3695439639e+01   5.4250389533e+03  -1.9698292510e+02   1.5614866470e+03  -9.2504430274e+00   4.8147306262e+02   5.5568065678e-01   1.5087165263e+02  -5.9363331760e+00   5.2563776007e+01
4pnc_0   4pnc    -5.2612789390e+00   5.9560792453e+05   1.6707504967e+07  -2.3824316981e+05   5.3272792288e+06  -1.7034386642e+05   1.6859310435e+06  -2.3824316981e+02   5.4741750867e+05  -4.6695661283e+03   1.6194444550e+05   3.9405420287e+03   4.9723823027e+04  -1.9278637301e+03   1.7335670431e+04  -9.3248376665e+01   5.0486037483e+03   7.9393345124e+01   1.5633887850e+03   2.9169659861e+01   4.7787801060e+02   1.5926794145e+00   1.5431707390e+02  -2.2427342417e+00   5.6947568365e+01
6cjw_0   6cjw    -6.4709056050e+00   6.4535501838e+05   1.4326547963e+07  -8.6047335784e+04   4.8984918821e+06   4.4099259589e+04   1.4275964189e+06  -2.8610739148e+04   4.5941087262e+05  -7.1419288700e+03   1.7182498651e+05   1.2013283667e+04   4.5626670270e+04   1.8421659000e+03   1.6156012092e+04  -3.7682279523e+02   3.8683422267e+03   3.1059216088e+02   1.5540852469e+03   1.7339075956e+01   5.5528297421e+02  -7.8306087221e+00   1.6670402872e+02   1.4917488807e-01   4.7552601334e+01
6o4x_0   6o4x    -9.7084400820e+00   1.6412933256e+06   1.6412933256e+07   2.1883911008e+04   5.0943427170e+06   2.1227393677e+05   1.4444168314e+06   1.4990479040e+04   4.2553056366e+05   1.7747851827e+04   1.4653842676e+05   2.2201227717e+03   4.2886485808e+04   2.2296422730e+03   1.4486760563e+04  -1.5836292201e+02   5.1331781067e+03  -8.8881504557e+01   1.3181397538e+03  -7.6134016976e+01   4.2533133171e+02  -4.4347898844e+01   1.6614037659e+02  -9.4021170838e+00   4.5458421562e+01
