target_col        map_0        map_1        map_2        map_3        map_4        map_5        map_6        map_7        map_8        map_9
pro          0.00000000   0.00000000   0.00000000   0.00000000   0.00000000   0.00000000   0.00000000   0.00000000   0.00000000   0.00000000
s6          64.10272292  28.14955721  28.88541577  30.54077510  25.69736535  31.73027549  40.67157619  51.07244306  62.87276954  64.14039346
s7          20.28683922   8.90264338   9.13200788   9.66229677   8.12308500  10.03089364  12.85604650  16.15661098  19.87781885  20.28235664
s8           6.41265214   2.81650115   2.88985062   3.05549668   2.57003804   3.17217146   4.06694933   5.10925899   6.28534011   6.41185454
s9           2.02676474   0.89061424   0.91397671   0.96641182   0.81249698   1.00372807   1.28575623   1.61587619   1.98742193   2.02828575
s10          0.64143937   0.28172434   0.28901786   0.30536279   0.25700990   0.31699503   0.40669231   0.51083088   0.62853954   0.64108291
s11          0.20287588   0.08907055   0.09138051   0.09659861   0.08127122   0.10030254   0.12859936   0.16157554   0.19875667   0.20284740
s12          0.06412314   0.02816009   0.02890205   0.03055152   0.02568854   0.03172182   0.04067954   0.05107282   0.06285297   0.06414771
s13          0.02028931   0.00890797   0.00913335   0.00965764   0.00812411   0.01002806   0.01286378   0.01614657   0.01987258   0.02028752
s14          0.00641216   0.00281604   0.00288957   0.00305363   0.00257021   0.00317170   0.00406804   0.00510942   0.00628594   0.00641388
s15          0.00202817   0.00089086   0.00091392   0.00096595   0.00081226   0.00100303   0.00128626   0.00161510   0.00198691   0.00202756
s16          0.00064111   0.00028168   0.00028901   0.00030552   0.00025697   0.00031722   0.00040673   0.00051086   0.00062854   0.00064143
s17          0.00020271   0.00008905   0.00009136   0.00009660   0.00008122   0.00010031   0.00012857   0.00016155   0.00019874   0.00020280
