1ecq_0 1ecq -4 -4 -4  0  2.7976834873e+03
1ecq_0 1ecq -4 -4 -3  0  8.8930804918e+02
1ecq_0 1ecq -4 -4 -2  0  6.6283164579e+03
1ecq_0 1ecq -4 -4 -1  0  6.3469347880e+04
1ecq_0 1ecq -4 -4  0  0  1.4307458408e+05
1ecq_0 1ecq -4 -4  1  0  1.0785086518e+05
1ecq_0 1ecq -4 -4  2  0  2.1922172251e+04
1ecq_0 1ecq -4 -4  3  0  5.8380669654e+03
1ecq_0 1ecq -4 -3 -4  0  3.1161860458e+03
1ecq_0 1ecq -4 -3 -3  0  7.1536817745e+02
1ecq_0 1ecq -4 -3 -2  0  3.3151462754e+03
1ecq_0 1ecq -4 -3 -1  0  9.9103567425e+04
1ecq_0 1ecq -4 -3  0  0  1.3252556766e+05
1ecq_0 1ecq -4 -3  1  0  1.1644158921e+05
1ecq_0 1ecq -4 -3  2  0  1.5979189574e+04
1ecq_0 1ecq -4 -3  3  0  1.2572112613e+03
1ecq_0 1ecq -4 -2 -4  0  2.6506109078e+03
1ecq_0 1ecq -4 -2 -3  0  5.3532316063e+02
1ecq_0 1ecq -4 -2 -2  0  1.4245250679e+03
1ecq_0 1ecq -4 -2 -1  0  8.3577711207e+04
1ecq_0 1ecq -4 -2  0  0  9.5794201711e+04
1ecq_0 1ecq -4 -2  1  0  9.1700017326e+04
1ecq_0 1ecq -4 -2  2  0  1.0398274403e+04
1ecq_0 1ecq -4 -2  3  0  4.1200677138e+02
1ecq_0 1ecq -4 -1 -4  0  1.0283370792e+04
1ecq_0 1ecq -4 -1 -3  0  1.6669627706e+03
1ecq_0 1ecq -4 -1 -2  0  5.6682383351e+02
1ecq_0 1ecq -4 -1 -1  0  1.0158936743e+04
1ecq_0 1ecq -4 -1  0  0  2.2574740037e+04
1ecq_0 1ecq -4 -1  1  0  1.4598828673e+04
1ecq_0 1ecq -4 -1  2  0  1.6519739776e+03
1ecq_0 1ecq -4 -1  3  0  7.7648199630e+01
1ecq_0 1ecq -4  0 -4  0  5.9171639743e+04
1ecq_0 1ecq -4  0 -3  0  2.0447442070e+04
1ecq_0 1ecq -4  0 -2  0  5.5980149743e+03
1ecq_0 1ecq -4  0 -1  0  6.3180007786e+02
1ecq_0 1ecq -4  0  0  0  1.6501439573e+03
1ecq_0 1ecq -4  0  1  0  7.6295679196e+02
1ecq_0 1ecq -4  0  2  0  9.3812176033e+01
1ecq_0 1ecq -4  0  3  0  4.1301510742e+01
1ecq_0 1ecq -4  1 -4  0  1.7068746700e+05
1ecq_0 1ecq -4  1 -3  0  1.1584507499e+05
1ecq_0 1ecq -4  1 -2  0  5.2273635983e+04
1ecq_0 1ecq -4  1 -1  0  1.2495105386e+03
1ecq_0 1ecq -4  1  0  0  1.1634188451e+02
1ecq_0 1ecq -4  1  1  0  2.7690906323e+01
1ecq_0 1ecq -4  1  2  0  6.4482338236e+00
1ecq_0 1ecq -4  1  3  0  4.1002452289e+01
1ecq_0 1ecq -4  2 -4  0  1.4767596077e+05
1ecq_0 1ecq -4  2 -3  0  1.2229715643e+05
1ecq_0 1ecq -4  2 -2  0  6.1058707853e+04
1ecq_0 1ecq -4  2 -1  0  1.4126580088e+03
1ecq_0 1ecq -4  2  0  0  1.0093163647e+02
1ecq_0 1ecq -4  2  1  0  1.9746061129e+01
1ecq_0 1ecq -4  2  2  0  1.3725928107e+01
1ecq_0 1ecq -4  2  3  0  9.1102061745e+01
1ecq_0 1ecq -4  3 -4  0  6.2298152667e+04
1ecq_0 1ecq -4  3 -3  0  6.1491844502e+04
1ecq_0 1ecq -4  3 -2  0  6.6913822710e+03
1ecq_0 1ecq -4  3 -1  0  4.2335076946e+02
1ecq_0 1ecq -4  3  0  0  7.2529164410e+01
1ecq_0 1ecq -4  3  1  0  3.3276203642e+01
1ecq_0 1ecq -4  3  2  0  8.8750747251e+01
1ecq_0 1ecq -4  3  3  0  1.2912009749e+03
1ecq_0 1ecq -3 -4 -4  0  7.6290771836e+02
1ecq_0 1ecq -3 -4 -3  0  2.7301607939e+02
1ecq_0 1ecq -3 -4 -2  0  1.0815269950e+03
1ecq_0 1ecq -3 -4 -1  0  1.4840807122e+04
1ecq_0 1ecq -3 -4  0  0  6.9670694455e+04
1ecq_0 1ecq -3 -4  1  0  3.4329269110e+04
1ecq_0 1ecq -3 -4  2  0  4.0456790065e+03
1ecq_0 1ecq -3 -4  3  0  3.3777457529e+02
1ecq_0 1ecq -3 -3 -4  0  5.8779950974e+02
1ecq_0 1ecq -3 -3 -3  0  1.9466542524e+02
1ecq_0 1ecq -3 -3 -2  0  1.3878941868e+03
1ecq_0 1ecq -3 -3 -1  0  8.7699307628e+04
1ecq_0 1ecq -3 -3  0  0  1.0257395177e+05
1ecq_0 1ecq -3 -3  1  0  9.7022795056e+04
1ecq_0 1ecq -3 -3  2  0  1.1794104861e+04
1ecq_0 1ecq -3 -3  3  0  4.9822453712e+02
1ecq_0 1ecq -3 -2 -4  0  5.6018016132e+02
1ecq_0 1ecq -3 -2 -3  0  1.4000829036e+02
1ecq_0 1ecq -3 -2 -2  0  9.9171773357e+02
1ecq_0 1ecq -3 -2 -1  0  9.3229345122e+04
1ecq_0 1ecq -3 -2  0  0  1.0090501179e+05
1ecq_0 1ecq -3 -2  1  0  1.0060378537e+05
1ecq_0 1ecq -3 -2  2  0  1.1018996291e+04
1ecq_0 1ecq -3 -2  3  0  3.6346237177e+02
1ecq_0 1ecq -3 -1 -4  0  3.5530677922e+03
1ecq_0 1ecq -3 -1 -3  0  1.3876041267e+03
1ecq_0 1ecq -3 -1 -2  0  4.2114869556e+02
1ecq_0 1ecq -3 -1 -1  0  1.1402170537e+04
1ecq_0 1ecq -3 -1  0  0  2.5273145288e+04
1ecq_0 1ecq -3 -1  1  0  1.6452581952e+04
1ecq_0 1ecq -3 -1  2  0  1.8040482300e+03
1ecq_0 1ecq -3 -1  3  0  2.3734153703e+02
1ecq_0 1ecq -3  0 -4  0  3.8380379198e+04
1ecq_0 1ecq -3  0 -3  0  2.0903528167e+04
1ecq_0 1ecq -3  0 -2  0  5.8871982109e+03
1ecq_0 1ecq -3  0 -1  0  4.7935836387e+02
1ecq_0 1ecq -3  0  0  0  1.8145425523e+03
1ecq_0 1ecq -3  0  1  0  8.3817398493e+02
1ecq_0 1ecq -3  0  2  0  1.1623486533e+02
1ecq_0 1ecq -3  0  3  0  9.2664949927e+02
1ecq_0 1ecq -3  1 -4  0  1.0820858165e+05
1ecq_0 1ecq -3  1 -3  0  9.8626273615e+04
1ecq_0 1ecq -3  1 -2  0  5.8697701823e+04
1ecq_0 1ecq -3  1 -1  0  7.1975251302e+02
1ecq_0 1ecq -3  1  0  0  2.6988180066e+01
1ecq_0 1ecq -3  1  1  0  9.0277456282e+00
1ecq_0 1ecq -3  1  2  0  1.4999903223e+01
1ecq_0 1ecq -3  1  3  0  7.8796307856e+02
1ecq_0 1ecq -3  2 -4  0  9.9561825198e+04
1ecq_0 1ecq -3  2 -3  0  9.5667232238e+04
1ecq_0 1ecq -3  2 -2  0  5.7494158415e+04
1ecq_0 1ecq -3  2 -1  0  9.4063683947e+02
1ecq_0 1ecq -3  2  0  0  1.1233937486e+01
1ecq_0 1ecq -3  2  1  0 -2.4275695883e+00
1ecq_0 1ecq -3  2  2  0  8.3042286797e-01
1ecq_0 1ecq -3  2  3  0  1.5961544227e+02
1ecq_0 1ecq -3  3 -4  0  3.0618337417e+04
1ecq_0 1ecq -3  3 -3  0  5.6423826404e+04
1ecq_0 1ecq -3  3 -2  0  6.2753578022e+03
1ecq_0 1ecq -3  3 -1  0  2.4328008324e+02
1ecq_0 1ecq -3  3  0  0  1.5726794090e+01
1ecq_0 1ecq -3  3  1  0  2.9765951109e+00
1ecq_0 1ecq -3  3  2  0  4.3838248580e+00
1ecq_0 1ecq -3  3  3  0  5.5060285231e+01
1ecq_0 1ecq -2 -4 -4  0  1.9303630997e+04
1ecq_0 1ecq -2 -4 -3  0  3.0447054361e+03
1ecq_0 1ecq -2 -4 -2  0  2.8202618288e+02
1ecq_0 1ecq -2 -4 -1  0  1.7194817802e+03
1ecq_0 1ecq -2 -4  0  0  1.0286729832e+04
1ecq_0 1ecq -2 -4  1  0  4.4755149557e+03
1ecq_0 1ecq -2 -4  2  0  5.8129464964e+02
1ecq_0 1ecq -2 -4  3  0  7.0776842980e+01
1ecq_0 1ecq -2 -3 -4  0  1.4948907902e+04
1ecq_0 1ecq -2 -3 -3  0  2.4546761111e+03
1ecq_0 1ecq -2 -3 -2  0  4.3702045202e+02
1ecq_0 1ecq -2 -3 -1  0  1.6328792578e+04
1ecq_0 1ecq -2 -3  0  0  4.2706567780e+04
1ecq_0 1ecq -2 -3  1  0  2.5841761426e+04
1ecq_0 1ecq -2 -3  2  0  2.8783471594e+03
1ecq_0 1ecq -2 -3  3  0  1.1399692447e+02
1ecq_0 1ecq -2 -2 -4  0  2.1662245311e+03
1ecq_0 1ecq -2 -2 -3  0  4.3735684760e+02
1ecq_0 1ecq -2 -2 -2  0  2.9710270381e+02
1ecq_0 1ecq -2 -2 -1  0  1.6772348182e+04
1ecq_0 1ecq -2 -2  0  0  3.8396739750e+04
1ecq_0 1ecq -2 -2  1  0  2.3875875005e+04
1ecq_0 1ecq -2 -2  2  0  2.5635698067e+03
1ecq_0 1ecq -2 -2  3  0  1.2656558553e+02
1ecq_0 1ecq -2 -1 -4  0  1.8870728067e+04
1ecq_0 1ecq -2 -1 -3  0  1.7414112399e+03
1ecq_0 1ecq -2 -1 -2  0  1.4700809291e+02
1ecq_0 1ecq -2 -1 -1  0  2.2324743043e+03
1ecq_0 1ecq -2 -1  0  0  6.8882897597e+03
1ecq_0 1ecq -2 -1  1  0  3.8023590776e+03
1ecq_0 1ecq -2 -1  2  0  4.6454205949e+02
1ecq_0 1ecq -2 -1  3  0  1.1972035788e+03
1ecq_0 1ecq -2  0 -4  0  8.7377823512e+04
1ecq_0 1ecq -2  0 -3  0  1.4896040274e+04
1ecq_0 1ecq -2  0 -2  0  1.2475443398e+03
1ecq_0 1ecq -2  0 -1  0  1.2043812585e+02
1ecq_0 1ecq -2  0  0  0  3.9917316849e+02
1ecq_0 1ecq -2  0  1  0  1.9803182153e+02
1ecq_0 1ecq -2  0  2  0  1.4289455765e+02
1ecq_0 1ecq -2  0  3  0  1.1889274442e+04
1ecq_0 1ecq -2  1 -4  0  1.2339600899e+05
1ecq_0 1ecq -2  1 -3  0  6.4358181035e+04
1ecq_0 1ecq -2  1 -2  0  8.1645454345e+03
1ecq_0 1ecq -2  1 -1  0  1.8522610108e+02
1ecq_0 1ecq -2  1  0  0  2.0724479154e+00
1ecq_0 1ecq -2  1  1  0 -2.3314466367e+00
1ecq_0 1ecq -2  1  2  0  9.8050055328e+01
1ecq_0 1ecq -2  1  3  0  8.5070973051e+03
1ecq_0 1ecq -2  2 -4  0  6.6554032423e+04
1ecq_0 1ecq -2  2 -3  0  5.4346243417e+04
1ecq_0 1ecq -2  2 -2  0  1.1074274530e+04
1ecq_0 1ecq -2  2 -1  0  2.4049241841e+02
1ecq_0 1ecq -2  2  0  0 -1.5753103666e+00
1ecq_0 1ecq -2  2  1  0 -6.4272587718e+00
1ecq_0 1ecq -2  2  2  0  1.3529117504e+01
1ecq_0 1ecq -2  2  3  0  1.0060526200e+03
1ecq_0 1ecq -2  3 -4  0  5.5537412244e+03
1ecq_0 1ecq -2  3 -3  0  7.5897970096e+03
1ecq_0 1ecq -2  3 -2  0  1.3363789410e+03
1ecq_0 1ecq -2  3 -1  0  7.2981931908e+01
1ecq_0 1ecq -2  3  0  0  1.8960663282e+00
1ecq_0 1ecq -2  3  1  0 -3.3737548149e+00
1ecq_0 1ecq -2  3  2  0 -1.1564610332e+00
1ecq_0 1ecq -2  3  3  0  4.9698735874e+01
1ecq_0 1ecq -1 -4 -4  0  8.8786241042e+04
1ecq_0 1ecq -1 -4 -3  0  4.1046116568e+04
1ecq_0 1ecq -1 -4 -2  0  1.0545322834e+03
1ecq_0 1ecq -1 -4 -1  0  2.0841679344e+02
1ecq_0 1ecq -1 -4  0  0  4.4501444252e+02
1ecq_0 1ecq -1 -4  1  0  2.6921653227e+02
1ecq_0 1ecq -1 -4  2  0  6.8685711512e+01
1ecq_0 1ecq -1 -4  3  0  5.2450598790e+01
1ecq_0 1ecq -1 -3 -4  0  8.7858611519e+04
1ecq_0 1ecq -1 -3 -3  0  4.2880980146e+04
1ecq_0 1ecq -1 -3 -2  0  7.1509879402e+02
1ecq_0 1ecq -1 -3 -1  0  7.7020044924e+02
1ecq_0 1ecq -1 -3  0  0  5.0634848231e+03
1ecq_0 1ecq -1 -3  1  0  2.2432985386e+03
1ecq_0 1ecq -1 -3  2  0  2.3358802418e+02
1ecq_0 1ecq -1 -3  3  0  1.7705722156e+01
1ecq_0 1ecq -1 -2 -4  0  1.6535504300e+04
1ecq_0 1ecq -1 -2 -3  0  4.8362342442e+03
1ecq_0 1ecq -1 -2 -2  0  1.5511979646e+02
1ecq_0 1ecq -1 -2 -1  0  6.5130818451e+02
1ecq_0 1ecq -1 -2  0  0  4.2590063701e+03
1ecq_0 1ecq -1 -2  1  0  1.7313641380e+03
1ecq_0 1ecq -1 -2  2  0  1.8692024450e+02
1ecq_0 1ecq -1 -2  3  0  5.1417786363e+01
1ecq_0 1ecq -1 -1 -4  0  1.2698023534e+04
1ecq_0 1ecq -1 -1 -3  0  1.2763890864e+03
1ecq_0 1ecq -1 -1 -2  0  5.2906215245e+01
1ecq_0 1ecq -1 -1 -1  0  1.1579351553e+02
1ecq_0 1ecq -1 -1  0  0  6.0062245634e+02
1ecq_0 1ecq -1 -1  1  0  2.7490928143e+02
1ecq_0 1ecq -1 -1  2  0  6.3027972342e+01
1ecq_0 1ecq -1 -1  3  0  1.1074955518e+03
1ecq_0 1ecq -1  0 -4  0  9.2630197943e+04
1ecq_0 1ecq -1  0 -3  0  9.1523831172e+03
1ecq_0 1ecq -1  0 -2  0  2.6289434670e+02
1ecq_0 1ecq -1  0 -1  0  6.2737109080e+00
1ecq_0 1ecq -1  0  0  0  2.1933214390e+01
1ecq_0 1ecq -1  0  1  0  1.1542445646e+01
1ecq_0 1ecq -1  0  2  0  1.2238935346e+02
1ecq_0 1ecq -1  0  3  0  1.0893060876e+04
1ecq_0 1ecq -1  1 -4  0  1.0096514251e+05
1ecq_0 1ecq -1  1 -3  0  9.9844123007e+03
1ecq_0 1ecq -1  1 -2  0  4.0054370953e+02
1ecq_0 1ecq -1  1 -1  0  8.0834207322e+00
1ecq_0 1ecq -1  1  0  0 -7.4618397798e+00
1ecq_0 1ecq -1  1  1  0 -6.1994679043e+00
1ecq_0 1ecq -1  1  2  0  1.0317458542e+02
1ecq_0 1ecq -1  1  3  0  7.8372149391e+03
1ecq_0 1ecq -1  2 -4  0  1.5608637616e+04
1ecq_0 1ecq -1  2 -3  0  2.5057289082e+03
1ecq_0 1ecq -1  2 -2  0  3.3598700522e+02
1ecq_0 1ecq -1  2 -1  0  1.8858152639e+01
1ecq_0 1ecq -1  2  0  0 -5.7520280184e+00
1ecq_0 1ecq -1  2  1  0 -5.3773636236e+00
1ecq_0 1ecq -1  2  2  0  2.0218152876e+01
1ecq_0 1ecq -1  2  3  0  1.0246668231e+03
1ecq_0 1ecq -1  3 -4  0  1.6287498136e+03
1ecq_0 1ecq -1  3 -3  0  9.5465721683e+02
1ecq_0 1ecq -1  3 -2  0  3.4946736076e+02
1ecq_0 1ecq -1  3 -1  0  4.9309611259e+01
1ecq_0 1ecq -1  3  0  0  1.3266815016e+00
1ecq_0 1ecq -1  3  1  0  5.2458819341e-01
1ecq_0 1ecq -1  3  2  0  8.8277115482e+00
1ecq_0 1ecq -1  3  3  0  1.1164005770e+02
1ecq_0 1ecq  0 -4 -4  0  1.0186194176e+05
1ecq_0 1ecq  0 -4 -3  0  5.0991842493e+04
1ecq_0 1ecq  0 -4 -2  0  3.5695641962e+03
1ecq_0 1ecq  0 -4 -1  0  6.3123397964e+02
1ecq_0 1ecq  0 -4  0  0  7.5902517875e+01
1ecq_0 1ecq  0 -4  1  0  2.6226487889e+01
1ecq_0 1ecq  0 -4  2  0  3.4954259152e+01
1ecq_0 1ecq  0 -4  3  0  6.4408118253e+01
1ecq_0 1ecq  0 -3 -4  0  1.0073271934e+05
1ecq_0 1ecq  0 -3 -3  0  5.0287636679e+04
1ecq_0 1ecq  0 -3 -2  0  8.5895783116e+02
1ecq_0 1ecq  0 -3 -1  0  6.0477118612e+01
1ecq_0 1ecq  0 -3  0  0  4.7597944057e+01
1ecq_0 1ecq  0 -3  1  0  2.8334657346e+01
1ecq_0 1ecq  0 -3  2  0  4.8426105531e+00
1ecq_0 1ecq  0 -3  3  0  1.2222454944e+01
1ecq_0 1ecq  0 -2 -4  0  1.8917457526e+04
1ecq_0 1ecq  0 -2 -3  0  5.6138649392e+03
1ecq_0 1ecq  0 -2 -2  0  1.4910255772e+02
1ecq_0 1ecq  0 -2 -1  0  1.5229400463e+01
1ecq_0 1ecq  0 -2  0  0  3.6015499896e+01
1ecq_0 1ecq  0 -2  1  0  2.0228182204e+01
1ecq_0 1ecq  0 -2  2  0  5.6342087026e-02
1ecq_0 1ecq  0 -2  3  0  2.0357411787e+01
1ecq_0 1ecq  0 -1 -4  0  3.1650481883e+03
1ecq_0 1ecq  0 -1 -3  0  4.2571149462e+02
1ecq_0 1ecq  0 -1 -2  0  1.5745213179e+01
1ecq_0 1ecq  0 -1 -1  0 -3.4247141694e+00
1ecq_0 1ecq  0 -1  0  0  2.4368665379e+00
1ecq_0 1ecq  0 -1  1  0 -8.0637162049e-01
1ecq_0 1ecq  0 -1  2  0  5.9408773429e+00
1ecq_0 1ecq  0 -1  3  0  2.8975203435e+02
1ecq_0 1ecq  0  0 -4  0  1.7329271610e+04
1ecq_0 1ecq  0  0 -3  0  1.6904210148e+03
1ecq_0 1ecq  0  0 -2  0  4.3602846677e+01
1ecq_0 1ecq  0  0 -1  0 -7.3676618135e+00
1ecq_0 1ecq  0  0  0  0 -7.8244019041e+00
1ecq_0 1ecq  0  0  1  0 -6.7048419469e+00
1ecq_0 1ecq  0  0  2  0  3.6848398353e+01
1ecq_0 1ecq  0  0  3  0  2.1942151267e+03
1ecq_0 1ecq  0  1 -4  0  1.8224926862e+04
1ecq_0 1ecq  0  1 -3  0  1.7555445147e+03
1ecq_0 1ecq  0  1 -2  0  6.4440447033e+01
1ecq_0 1ecq  0  1 -1  0 -1.2462573701e+00
1ecq_0 1ecq  0  1  0  0 -3.0399884179e+00
1ecq_0 1ecq  0  1  1  0  2.6183400455e+00
1ecq_0 1ecq  0  1  2  0  8.0730444068e+01
1ecq_0 1ecq  0  1  3  0  2.3609675162e+03
1ecq_0 1ecq  0  2 -4  0  3.4751536873e+03
1ecq_0 1ecq  0  2 -3  0  1.8922978952e+03
1ecq_0 1ecq  0  2 -2  0  7.9968502209e+02
1ecq_0 1ecq  0  2 -1  0  1.3056184786e+02
1ecq_0 1ecq  0  2  0  0  5.1127930371e+01
1ecq_0 1ecq  0  2  1  0  8.9157829734e+01
1ecq_0 1ecq  0  2  2  0  2.0817715566e+02
1ecq_0 1ecq  0  2  3  0  3.7336301558e+03
1ecq_0 1ecq  0  3 -4  0  1.0223543434e+04
1ecq_0 1ecq  0  3 -3  0  3.0392207541e+04
1ecq_0 1ecq  0  3 -2  0  1.3017628633e+04
1ecq_0 1ecq  0  3 -1  0  1.3775032027e+03
1ecq_0 1ecq  0  3  0  0  2.4533908899e+02
1ecq_0 1ecq  0  3  1  0  3.9341573476e+02
1ecq_0 1ecq  0  3  2  0  3.9818001176e+02
1ecq_0 1ecq  0  3  3  0  2.6798144481e+03
1ecq_0 1ecq  1 -4 -4  0  3.9345784825e+04
1ecq_0 1ecq  1 -4 -3  0  2.5857788819e+04
1ecq_0 1ecq  1 -4 -2  0  1.2171745872e+04
1ecq_0 1ecq  1 -4 -1  0  2.3198804788e+03
1ecq_0 1ecq  1 -4  0  0  1.4799949636e+02
1ecq_0 1ecq  1 -4  1  0  2.4740932827e+01
1ecq_0 1ecq  1 -4  2  0  3.4470293894e+01
1ecq_0 1ecq  1 -4  3  0  6.4746031781e+01
1ecq_0 1ecq  1 -3 -4  0  3.0858389665e+04
1ecq_0 1ecq  1 -3 -3  0  1.0763510986e+04
1ecq_0 1ecq  1 -3 -2  0  4.6937877697e+02
1ecq_0 1ecq  1 -3 -1  0  8.6321415286e+01
1ecq_0 1ecq  1 -3  0  0  1.2140846895e+01
1ecq_0 1ecq  1 -3  1  0 -5.2160527595e-01
1ecq_0 1ecq  1 -3  2  0  6.8666765469e-01
1ecq_0 1ecq  1 -3  3  0  1.1097325491e+01
1ecq_0 1ecq  1 -2 -4  0  4.8241310328e+03
1ecq_0 1ecq  1 -2 -3  0  1.2992178903e+03
1ecq_0 1ecq  1 -2 -2  0  5.4176843506e+01
1ecq_0 1ecq  1 -2 -1  0  6.6930564266e-01
1ecq_0 1ecq  1 -2  0  0 -5.0362315014e+00
1ecq_0 1ecq  1 -2  1  0 -6.2346637879e+00
1ecq_0 1ecq  1 -2  2  0 -4.9841917725e+00
1ecq_0 1ecq  1 -2  3  0  7.5745585029e+00
1ecq_0 1ecq  1 -1 -4  0  3.9674122570e+02
1ecq_0 1ecq  1 -1 -3  0  7.2741228593e+01
1ecq_0 1ecq  1 -1 -2  0 -3.9102591868e-01
1ecq_0 1ecq  1 -1 -1  0 -7.3107115028e+00
1ecq_0 1ecq  1 -1  0  0 -8.1516083009e+00
1ecq_0 1ecq  1 -1  1  0 -7.8089073440e+00
1ecq_0 1ecq  1 -1  2  0 -4.1755670550e+00
1ecq_0 1ecq  1 -1  3  0  3.5158290007e+01
1ecq_0 1ecq  1  0 -4  0  7.8439132070e+02
1ecq_0 1ecq  1  0 -3  0  8.0803749132e+01
1ecq_0 1ecq  1  0 -2  0 -1.9557710522e+00
1ecq_0 1ecq  1  0 -1  0 -7.4139539919e+00
1ecq_0 1ecq  1  0  0  0 -6.2849110671e+00
1ecq_0 1ecq  1  0  1  0 -3.1816743536e+00
1ecq_0 1ecq  1  0  2  0  2.1665844333e+01
1ecq_0 1ecq  1  0  3  0  3.5499854487e+02
1ecq_0 1ecq  1  1 -4  0  7.9741713727e+02
1ecq_0 1ecq  1  1 -3  0  2.0261338470e+02
1ecq_0 1ecq  1  1 -2  0  7.2105689961e+01
1ecq_0 1ecq  1  1 -1  0  2.3497551897e+01
1ecq_0 1ecq  1  1  0  0  8.4045895888e+01
1ecq_0 1ecq  1  1  1  0  1.6952462761e+02
1ecq_0 1ecq  1  1  2  0  4.2554304838e+02
1ecq_0 1ecq  1  1  3  0  1.4419554224e+04
1ecq_0 1ecq  1  2 -4  0  4.4378796024e+03
1ecq_0 1ecq  1  2 -3  0  1.4635453035e+04
1ecq_0 1ecq  1  2 -2  0  6.2343841510e+03
1ecq_0 1ecq  1  2 -1  0  7.9046740719e+02
1ecq_0 1ecq  1  2  0  0  2.1471191158e+03
1ecq_0 1ecq  1  2  1  0  4.7870792030e+03
1ecq_0 1ecq  1  2  2  0  4.2564665639e+03
1ecq_0 1ecq  1  2  3  0  2.6414548568e+04
1ecq_0 1ecq  1  3 -4  0  3.4982365184e+04
1ecq_0 1ecq  1  3 -3  0  6.1891096654e+04
1ecq_0 1ecq  1  3 -2  0  4.5075824925e+04
1ecq_0 1ecq  1  3 -1  0  1.0942426799e+04
1ecq_0 1ecq  1  3  0  0  1.4205622983e+04
1ecq_0 1ecq  1  3  1  0  3.3031834355e+04
1ecq_0 1ecq  1  3  2  0  2.2721089421e+04
1ecq_0 1ecq  1  3  3  0  2.8579735769e+04
1ecq_0 1ecq  2 -4 -4  0  8.1131225518e+03
1ecq_0 1ecq  2 -4 -3  0  1.4356933833e+04
1ecq_0 1ecq  2 -4 -2  0  1.0559043590e+04
1ecq_0 1ecq  2 -4 -1  0  2.0787350185e+03
1ecq_0 1ecq  2 -4  0  0  1.3719805182e+02
1ecq_0 1ecq  2 -4  1  0  2.0276407701e+01
1ecq_0 1ecq  2 -4  2  0  2.5521698540e+01
1ecq_0 1ecq  2 -4  3  0  4.9954016136e+01
1ecq_0 1ecq  2 -3 -4  0  3.1544053861e+03
1ecq_0 1ecq  2 -3 -3  0  8.3791249424e+02
1ecq_0 1ecq  2 -3 -2  0  2.4764433770e+02
1ecq_0 1ecq  2 -3 -1  0  7.8474816681e+01
1ecq_0 1ecq  2 -3  0  0  1.1130642724e+01
1ecq_0 1ecq  2 -3  1  0 -1.2732308370e+00
1ecq_0 1ecq  2 -3  2  0 -6.6045722083e-01
1ecq_0 1ecq  2 -3  3  0  6.0779472836e+00
1ecq_0 1ecq  2 -2 -4  0  4.0630478213e+02
1ecq_0 1ecq  2 -2 -3  0  1.0271265858e+02
1ecq_0 1ecq  2 -2 -2  0  1.3197712180e+01
1ecq_0 1ecq  2 -2 -1  0 -1.9416226867e-01
1ecq_0 1ecq  2 -2  0  0 -5.0720723312e+00
1ecq_0 1ecq  2 -2  1  0 -6.3730871775e+00
1ecq_0 1ecq  2 -2  2  0 -5.6308378186e+00
1ecq_0 1ecq  2 -2  3  0  1.5189121970e-01
1ecq_0 1ecq  2 -1 -4  0  4.0515497739e+01
1ecq_0 1ecq  2 -1 -3  0  7.0114554408e+00
1ecq_0 1ecq  2 -1 -2  0 -3.6066153828e+00
1ecq_0 1ecq  2 -1 -1  0 -6.4017851329e+00
1ecq_0 1ecq  2 -1  0  0 -7.3947163789e+00
1ecq_0 1ecq  2 -1  1  0 -7.2852876999e+00
1ecq_0 1ecq  2 -1  2  0 -5.3824476133e+00
1ecq_0 1ecq  2 -1  3  0  5.8484328625e+00
1ecq_0 1ecq  2  0 -4  0  4.4946842788e+01
1ecq_0 1ecq  2  0 -3  0  5.9293692051e+00
1ecq_0 1ecq  2  0 -2  0 -2.7983150489e+00
1ecq_0 1ecq  2  0 -1  0 -4.7597883634e+00
1ecq_0 1ecq  2  0  0  0  5.4388998426e-01
1ecq_0 1ecq  2  0  1  0  8.5186052096e+00
1ecq_0 1ecq  2  0  2  0  3.4005417851e+01
1ecq_0 1ecq  2  0  3  0  3.4374132536e+02
1ecq_0 1ecq  2  1 -4  0  1.3658766584e+02
1ecq_0 1ecq  2  1 -3  0  1.1324535633e+02
1ecq_0 1ecq  2  1 -2  0  5.7932483968e+01
1ecq_0 1ecq  2  1 -1  0  6.2774311342e+01
1ecq_0 1ecq  2  1  0  0  5.3491594111e+02
1ecq_0 1ecq  2  1  1  0  1.1177807538e+03
1ecq_0 1ecq  2  1  2  0  1.1240631678e+03
1ecq_0 1ecq  2  1  3  0  2.0285230279e+04
1ecq_0 1ecq  2  2 -4  0  2.7273142978e+03
1ecq_0 1ecq  2  2 -3  0  7.2958347946e+03
1ecq_0 1ecq  2  2 -2  0  3.3592789384e+03
1ecq_0 1ecq  2  2 -1  0  1.5943869168e+03
1ecq_0 1ecq  2  2  0  0  9.6838775178e+03
1ecq_0 1ecq  2  2  1  0  1.9382606178e+04
1ecq_0 1ecq  2  2  2  0  1.4179025868e+04
1ecq_0 1ecq  2  2  3  0  4.0963147969e+04
1ecq_0 1ecq  2  3 -4  0  3.5106630012e+04
1ecq_0 1ecq  2  3 -3  0  4.9818812109e+04
1ecq_0 1ecq  2  3 -2  0  3.5122957779e+04
1ecq_0 1ecq  2  3 -1  0  1.5372990766e+04
1ecq_0 1ecq  2  3  0  0  4.8990224054e+04
1ecq_0 1ecq  2  3  1  0  9.3055120836e+04
1ecq_0 1ecq  2  3  2  0  6.4417945232e+04
1ecq_0 1ecq  2  3  3  0  5.5586164443e+04
1ecq_0 1ecq  3 -4 -4  0  1.2907047537e+03
1ecq_0 1ecq  3 -4 -3  0  2.7076812580e+03
1ecq_0 1ecq  3 -4 -2  0  4.5269804939e+03
1ecq_0 1ecq  3 -4 -1  0  1.3541479458e+03
1ecq_0 1ecq  3 -4  0  0  1.5092136464e+02
1ecq_0 1ecq  3 -4  1  0  1.5225500327e+01
1ecq_0 1ecq  3 -4  2  0  1.4746952358e+01
1ecq_0 1ecq  3 -4  3  0  3.2545495618e+01
1ecq_0 1ecq  3 -3 -4  0  1.7363435992e+02
1ecq_0 1ecq  3 -3 -3  0  1.7816599313e+02
1ecq_0 1ecq  3 -3 -2  0  2.1422077155e+02
1ecq_0 1ecq  3 -3 -1  0  8.7177561427e+01
1ecq_0 1ecq  3 -3  0  0  1.1485998307e+01
1ecq_0 1ecq  3 -3  1  0 -2.2794470887e+00
1ecq_0 1ecq  3 -3  2  0 -2.1791801660e+00
1ecq_0 1ecq  3 -3  3  0  1.8360186836e+00
1ecq_0 1ecq  3 -2 -4  0  6.4283232078e+01
1ecq_0 1ecq  3 -2 -3  0  1.8429156945e+01
1ecq_0 1ecq  3 -2 -2  0  7.5503432905e+00
1ecq_0 1ecq  3 -2 -1  0 -1.5538010280e-01
1ecq_0 1ecq  3 -2  0  0 -4.7690342448e+00
1ecq_0 1ecq  3 -2  1  0 -6.0930333487e+00
1ecq_0 1ecq  3 -2  2  0 -5.8272084293e+00
1ecq_0 1ecq  3 -2  3  0 -3.4615480372e+00
1ecq_0 1ecq  3 -1 -4  0  6.1429987768e+01
1ecq_0 1ecq  3 -1 -3  0  1.5607692251e+01
1ecq_0 1ecq  3 -1 -2  0  4.0369953123e+00
1ecq_0 1ecq  3 -1 -1  0 -2.5581898518e+00
1ecq_0 1ecq  3 -1  0  0 -5.6078963520e+00
1ecq_0 1ecq  3 -1  1  0 -6.2331046610e+00
1ecq_0 1ecq  3 -1  2  0 -5.4116196406e+00
1ecq_0 1ecq  3 -1  3  0 -8.2352131874e-01
1ecq_0 1ecq  3  0 -4  0  8.0330466899e+01
1ecq_0 1ecq  3  0 -3  0  3.6303831266e+01
1ecq_0 1ecq  3  0 -2  0  1.7049964756e+01
1ecq_0 1ecq  3  0 -1  0  4.2800461471e+00
1ecq_0 1ecq  3  0  0  0  3.7416290301e+00
1ecq_0 1ecq  3  0  1  0  9.6106588148e+00
1ecq_0 1ecq  3  0  2  0  2.0430628652e+01
1ecq_0 1ecq  3  0  3  0  1.6743202961e+02
1ecq_0 1ecq  3  1 -4  0  1.8551306711e+02
1ecq_0 1ecq  3  1 -3  0  9.7076520743e+01
1ecq_0 1ecq  3  1 -2  0  5.9820474226e+01
1ecq_0 1ecq  3  1 -1  0  6.8765432521e+01
1ecq_0 1ecq  3  1  0  0  4.4245255162e+02
1ecq_0 1ecq  3  1  1  0  9.1155014336e+02
1ecq_0 1ecq  3  1  2  0  7.8259906462e+02
1ecq_0 1ecq  3  1  3  0  8.0049322163e+03
1ecq_0 1ecq  3  2 -4  0  8.7803897597e+02
1ecq_0 1ecq  3  2 -3  0  1.1674341932e+03
1ecq_0 1ecq  3  2 -2  0  9.0629196554e+02
1ecq_0 1ecq  3  2 -1  0  1.1653590377e+03
1ecq_0 1ecq  3  2  0  0  9.3538810908e+03
1ecq_0 1ecq  3  2  1  0  1.9523371731e+04
1ecq_0 1ecq  3  2  2  0  1.3160105920e+04
1ecq_0 1ecq  3  2  3  0  1.9652760439e+04
1ecq_0 1ecq  3  3 -4  0  6.8465750542e+03
1ecq_0 1ecq  3  3 -3  0  1.0258854451e+04
1ecq_0 1ecq  3  3 -2  0  1.0667019318e+04
1ecq_0 1ecq  3  3 -1  0  8.7728639876e+03
1ecq_0 1ecq  3  3  0  0  5.0499119332e+04
1ecq_0 1ecq  3  3  1  0  1.0398195847e+05
1ecq_0 1ecq  3  3  2  0  6.8966083584e+04
1ecq_0 1ecq  3  3  3  0  3.1065761570e+04
