map	occ	map_0	map_1	map_2	map_3	map_4	map_5	map_6	map_7	map_8	map_9
1ecq_0	1ecq	-7.824	-0.156	-1.410	-8.215	-8.354	-7.824	-7.824	-7.824	-7.824	-7.824
1h0r_0	1h0r	-8.132	-0.161	-1.525	-7.988	-8.132	-8.132	-8.132	-8.132	-8.132	-8.132
1we2_0	1we2	-5.728	-0.157	-1.418	-5.178	-5.728	-5.728	-5.728	-5.728	-5.728	-5.728
2aa9_0	2aa9	-7.183	-0.165	-1.462	-7.160	-7.183	-7.183	-7.183	-7.183	-7.183	-7.183
2ael_0	2ael	-6.346	-0.166	-1.606	-6.337	-6.346	-6.346	-6.346	-6.346	-6.346	-6.346
2bjm_0	2bjm	-5.000	-0.160	-1.509	-5.000	-5.000	-5.000	-5.000	-5.000	-5.000	-5.000
2gtv_0	2gtv	-6.733	-0.198	-1.812	-6.733	-6.733	-6.733	-6.733	-6.733	-6.733	-6.733
2os9_0	2os9	-4.021	-0.135	-1.094	-3.489	-4.021	-4.021	-4.021	-4.021	-4.021	-4.021
2q9y_0	2q9y	-6.064	-0.150	-1.500	-6.031	-6.064	-6.064	-6.064	-6.064	-6.064	-6.064
2ybs_0	2ybs	-8.432	-0.138	-1.282	-8.094	-8.432	-8.432	-8.432	-8.432	-8.432	-8.432
3b9s_0	3b9s	-5.884	-0.120	-1.200	-5.860	-5.884	-5.884	-5.884	-5.884	-5.884	-5.884
4gui_0	4gui	-9.045	-0.178	-1.635	-8.967	-9.045	-9.045	-9.045	-9.045	-9.045	-9.045
4lm3_0	4lm3	-6.451	-0.126	-1.269	-6.482	-6.451	-6.451	-6.451	-6.451	-6.451	-6.451
4pnc_0	4pnc	-5.261	-0.140	-1.400	-5.260	-5.261	-5.261	-5.261	-5.261	-5.261	-5.261
6cjw_0	6cjw	-6.471	-0.150	-1.506	-6.465	-6.471	-6.471	-6.471	-6.471	-6.471	-6.471
6o4x_0	6o4x	-9.708	-0.170	-1.734	-8.265	-9.708	-9.708	-9.708	-9.708	-9.708	-9.708
