1%     map_0  map_1  map_2  map_3  map_4  map_5  map_6  map_7  map_8  map_9
pro    100.0   87.5   93.8  100.0  100.0  100.0  100.0  100.0  100.0  100.0
s6       0.0    6.2    6.2    0.0    0.0    0.0    0.0    0.0    0.0    0.0
s7       6.2   18.8    6.2   12.5    0.0    6.2    6.2    0.0    0.0    0.0
s8       0.0   25.0   43.8   43.8   18.8    6.2   12.5    0.0   12.5    0.0
s9      12.5   68.8   87.5   93.8   12.5    6.2    0.0    0.0    6.2    0.0
s10      0.0   87.5   81.2  100.0   50.0   18.8   12.5    0.0    0.0    0.0
s11      0.0   87.5   93.8  100.0  100.0   37.5    0.0    0.0   12.5    0.0
s12      0.0   87.5   93.8  100.0  100.0   75.0   25.0    6.2    0.0    0.0
s13      0.0   87.5   93.8  100.0  100.0   93.8   43.8    6.2    6.2    0.0
s14      6.2   87.5   93.8  100.0  100.0  100.0   81.2   18.8    6.2    6.2
s15      6.2   87.5   93.8  100.0  100.0  100.0  100.0   43.8   18.8   12.5
s16     31.2   87.5   93.8  100.0  100.0  100.0  100.0   81.2   25.0   31.2
s17     56.2   87.5   93.8  100.0  100.0  100.0  100.0  100.0   56.2   56.2

10%    map_0  map_1  map_2  map_3  map_4  map_5  map_6  map_7  map_8  map_9
pro    100.0  100.0  100.0  100.0  100.0  100.0  100.0  100.0  100.0  100.0
s6      12.5   25.0   18.8   18.8   18.8   18.8   18.8   12.5    6.2    0.0
s7      18.8   50.0   50.0   37.5   18.8   18.8   31.2   18.8   12.5   12.5
s8       6.2   81.2   87.5   87.5   50.0   37.5   25.0   18.8   18.8    6.2
s9      18.8   93.8  100.0  100.0   87.5   56.2   12.5   12.5   18.8   12.5
s10      6.2   93.8  100.0  100.0  100.0   75.0   56.2   37.5   18.8    6.2
s11      6.2  100.0  100.0  100.0  100.0   93.8   50.0   56.2   31.2    6.2
s12     12.5  100.0  100.0  100.0  100.0  100.0   87.5   62.5    6.2   25.0
s13     31.2  100.0  100.0  100.0  100.0  100.0  100.0   75.0   43.8   25.0
s14     50.0  100.0  100.0  100.0  100.0  100.0  100.0   81.2   50.0   43.8
s15     75.0  100.0  100.0  100.0  100.0  100.0  100.0   93.8   43.8   75.0
s16     93.8  100.0  100.0  100.0  100.0  100.0  100.0  100.0   81.2   81.2
s17    100.0  100.0  100.0  100.0  100.0  100.0  100.0  100.0  100.0   93.8
