  Auto	   Q32	   Q37
-7.824	-7.824	-7.824
-8.132	-8.132	-8.132
-5.728	-5.728	-5.728
-7.183	-7.183	-7.183
-6.346	-6.346	-6.346
-5.000	-5.000	-5.000
-6.733	-6.733	-6.733
-4.021	-4.021	-4.021
-6.064	-6.064	-6.064
-8.432	-8.432	-8.432
-5.884	-5.884	-5.884
-9.045	-9.045	-9.045
-6.451	-6.451	-6.451
-5.261	-5.261	-5.261
-6.471	-6.471	-6.471
-9.708	-9.708	-9.708
-0.156	-0.156	-0.156
-0.161	-0.161	-0.161
-0.157	-0.157	-0.157
-0.165	-0.165	-0.165
-0.166	-0.166	-0.166
-0.160	-0.160	-0.160
-0.198	-0.198	-0.198
-0.135	-0.135	-0.135
-0.150	-0.150	-0.150
-0.138	-0.138	-0.138
-0.120	-0.120	-0.120
-0.178	-0.178	-0.178
-0.126	-0.126	-0.126
-0.140	-0.140	-0.140
-0.150	-0.150	-0.150
-0.170	-0.170	-0.170
-1.410	-1.410	-1.410
-1.525	-1.525	-1.525
-1.418	-1.418	-1.418
-1.462	-1.462	-1.462
-1.606	-1.606	-1.606
-1.509	-1.509	-1.509
-1.812	-1.812	-1.812
-1.094	-1.094	-1.094
-1.500	-1.500	-1.500
-1.282	-1.282	-1.282
-1.200	-1.200	-1.200
-1.635	-1.635	-1.635
-1.269	-1.269	-1.269
-1.400	-1.400	-1.400
-1.506	-1.506	-1.506
-1.734	-1.734	-1.734
-8.215	-8.215	-8.215
-7.988	-7.988	-7.988
-5.178	-5.178	-5.178
-7.160	-7.160	-7.160
-6.337	-6.337	-6.337
-5.000	-5.000	-5.000
-6.733	-6.733	-6.733
-3.489	-3.489	-3.489
-6.031	-6.031	-6.031
-8.094	-8.094	-8.094
-5.860	-5.860	-5.860
-8.967	-8.967	-8.967
-6.482	-6.482	-6.482
-5.260	-5.260	-5.260
-6.465	-6.465	-6.465
-8.265	-8.265	-8.265
-8.354	-8.354	-8.354
-8.132	-8.132	-8.132
-5.728	-5.728	-5.728
-7.183	-7.183	-7.183
-6.346	-6.346	-6.346
-5.000	-5.000	-5.000
-6.733	-6.733	-6.733
-4.021	-4.021	-4.021
-6.064	-6.064	-6.064
-8.432	-8.432	-8.432
-5.884	-5.884	-5.884
-9.045	-9.045	-9.045
-6.451	-6.451	-6.451
-5.261	-5.261	-5.261
-6.471	-6.471	-6.471
-9.708	-9.708	-9.708
-7.824	-7.824	-7.824
-8.132	-8.132	-8.132
-5.728	-5.728	-5.728
-7.183	-7.183	-7.183
-6.346	-6.346	-6.346
-5.000	-5.000	-5.000
-6.733	-6.733	-6.733
-4.021	-4.021	-4.021
-6.064	-6.064	-6.064
-8.432	-8.432	-8.432
-5.884	-5.884	-5.884
-9.045	-9.045	-9.045
-6.451	-6.451	-6.451
-5.261	-5.261	-5.261
-6.471	-6.471	-6.471
-9.708	-9.708	-9.708
-7.824	-7.824	-7.824
-8.132	-8.132	-8.132
-5.728	-5.728	-5.728
-7.183	-7.183	-7.183
-6.346	-6.346	-6.346
-5.000	-5.000	-5.000
-6.733	-6.733	-6.733
-4.021	-4.021	-4.021
-6.064	-6.064	-6.064
-8.432	-8.432	-8.432
-5.884	-5.884	-5.884
-9.045	-9.045	-9.045
-6.451	-6.451	-6.451
-5.261	-5.261	-5.261
-6.471	-6.471	-6.471
-9.708	-9.708	-9.708
-7.824	-7.824	-7.824
-8.132	-8.132	-8.132
-5.728	-5.728	-5.728
-7.183	-7.183	-7.183
-6.346	-6.346	-6.346
-5.000	-5.000	-5.000
-6.733	-6.733	-6.733
-4.021	-4.021	-4.021
-6.064	-6.064	-6.064
-8.432	-8.432	-8.432
-5.884	-5.884	-5.884
-9.045	-9.045	-9.045
-6.451	-6.451	-6.451
-5.261	-5.261	-5.261
-6.471	-6.471	-6.471
-9.708	-9.708	-9.708
-7.824	-7.824	-7.824
-8.132	-8.132	-8.132
-5.728	-5.728	-5.728
-7.183	-7.183	-7.183
-6.346	-6.346	-6.346
-5.000	-5.000	-5.000
-6.733	-6.733	-6.733
-4.021	-4.021	-4.021
-6.064	-6.064	-6.064
-8.432	-8.432	-8.432
-5.884	-5.884	-5.884
-9.045	-9.045	-9.045
-6.451	-6.451	-6.451
-5.261	-5.261	-5.261
-6.471	-6.471	-6.471
-9.708	-9.708	-9.708
-7.824	-7.824	-7.824
-8.132	-8.132	-8.132
-5.728	-5.728	-5.728
-7.183	-7.183	-7.183
-6.346	-6.346	-6.346
-5.000	-5.000	-5.000
-6.733	-6.733	-6.733
-4.021	-4.021	-4.021
-6.064	-6.064	-6.064
-8.432	-8.432	-8.432
-5.884	-5.884	-5.884
-9.045	-9.045	-9.045
-6.451	-6.451	-6.451
-5.261	-5.261	-5.261
-6.471	-6.471	-6.471
-9.708	-9.708	-9.708
